784
1042
11946
686
2908
7626
10258
2481
2514
8498
324
910
1258
7760
1557
4199
5910
6430
10838
6718
3906
11801
3001
8161
2077
8879
9761
10033
8102
5274
581
8428
801
476
6375
11859
6438
1424
6497
11
1453
589
9602
7825
9895
2486
7324
5189
7812
9602
6536
9798
3445
7198
3113
3346
2843
10243
11677
7261
3783
10939
7698
5548
6503
7899
10646
3110
7696
7940
3525
1989
6586
828
9195
9557
6659
7976
3285
5506
11682
2184
5296
796
6169
10964
1665
9325
10283
10795
5115
2116
3385
5891
11496
4202
7091
10597
2667
6126
11613
3497
9603
11153
10573
9665
1940
9764
7184
7125
4659
4912
4793
743
7294
768
1273
9161
10333
2330
1603
4211
6931
1278
10206
7507
10027
4845
8207
9396
1230
3229
794
3475
2505
3224
156
5167
10744
5231
10264
5550
4710
3738
4832
5723
1655
3581
7292
6431
11059
1945
7449
4493
5491
9107
11743
11782
7524
1246
6632
8084
4891
8486
9598
10099
9787
8394
9614
5184
220
7734
6680
4134
1765
1125
99
4357
2841
10523
3674
11285
1819
10087
10844
1631
3816
3003
2019
3371
6910
4221
3987
5825
5860
7807
9205
11236
35
3797
9207
518
5327
8890
3029
10569
5225
8246
710
595
6034
7906
9354
393
9386
978
5143
4278
5712
7765
6908
4636
5312
8359
11430
4580
6891
10056
11697
6188
5144
995
624
11089
11006
8012
542
5894
8570
4539
8792
14
5527
7673
8325
5886
9083
10141
6987
1415
4910
4936
4454
7685
4573
9757
9357
7524
5161
5157
9125
10483
5564
4459
7439
1102
2811
6969
908
10046
1380
4941
3682
9740
4107
7003
10219
1639
3555
10364
241
11016
1204
1171
4199
5415
760
2746
6098
8461
3166
9196
11591
3668
10571
9047
8553
1221
8558
8037
3104
6396
8342
10114
2132
5362
1445
10916
5874
8570
8526
6691
2956
11722
7585
3585
9511
1558
682
3628
3623
8248
10599
4528
4317
105
9525
481
6647
5731
10948
2757
3215
1296
11262
7676
1500
8856
9482
9879
9916
10931
5559
2400
5306
9503
375
10107
6896
11724
5396
5398
2233
10207
1240
2883
3721
2761
10135
6838
3631
4705
7212
11789
9257
2622
6076
435
9958
1497
10812
8412
10323
7600
5821
3983
6548
11333
4375
2841
6338
7437
8721
7481
8267
6546
4849
3471
8492
8000
7716
9022
3092
7179
11748
7769
11006
1313
2863
1616
7682
7782
4073
8690
5010
6378
8843
5125
6962
1847
986
4419
610
7187
10749
459
8792
3778
10040
2088
1661
1377
5456
10243
3744
7313
1751
9162
817
3918
4859
9093
7060
2341
4334
9156
5397
9277
282
9686
2808
7025
7360
5356
11608
2470
10359
1804
9311
3136
2179
3220
3678
4438
1672
506
7877
1563
9860
9122
9454
8139
2463
6615
7885
11867
10478
6117
6983
814
684
9682
8269
4841
2527
2405
7665
6828
726
10607
2459
7994
4266
11150
8488
4498
4078
8086
8807
8849
3783
3341
906
5369
6253
4046
3556
4017
11592
10357
10923
11311
9244
2264
8405
6949
536
3913
3887
11894
3834
1307
11703
10281
819
62
6598
7449
11042
10005
5324
9718
8943
8911
10223
10243
10998
8588
2279
7348
8352
6738
599
3174
10568
9701
11099
11336
6592
2179
9468
6435
11989
4426
6035
3903
8770
7150
11161
9544
7845
1519
7141
8518
6110
2174
8325
9173
10666
11012
3265
6220
1409
808
5201
199
8433
6357
6007
6001
189
8806
2017
10399
4324
10295
9681
1159
7339
716
3042
8193
1954
8599
7345
2564
39
3583
9841
7897
4438
10890
11929
6725
6780
8407
10291
3861
2555
4673
10510
11617
5254
9056
885
3947
2323
7784
10796
4161
2932
3286
10898
3754
1273
7403
5846
2305
7109
9552
3925
10018
5723
8827
10085
9598
2229
267
3384
8602
4343
150
10656
7199
7275
3209
11486
3510
8321
2037
5159
3246
1020
1706
2246
4331
7409
2765
11824
6493
9955
11313
8081
10549
6164
1689
1155
10137
8659
5627
10523
8130
7667
3325
1119
2777
5443
2917
8620
8820
7021
11203
6880
2404
5031
4252
5545
9560
11932
1672
1178
4348
11107
4776
4988
4455
2652
4833
10363
1121
6492
2827
3849
4711
10615
2753
4142
7059
7787
6559
6802
960
6007
6156
2093
11685
6233
4736
7265
9407
7637
1745
8981
4731
5627
3377
2327
10198
3340
5341
3927
2732
11065
4924
4178
9459
4255
2990
7485
10100
5314
1594
1582
3406
7252
9239
1659
6624
623
9608
7960
9959
2810
6719
8923
8310
4749
5941
11601
275
649
2246
3272
11464
7006
4290
6574
9631
401
5572
1378
4968
9139
5923
9873
2065
5630
3985
861
10660
8813
8066
9348
2217
2483
8923
11761
6725
2508
3529
5959
2769
7288
1765
10222
47
5630
4224
4923
10922
2374
4991
6472
419
6629
4236
5270
326
2434
3853
2111
546
2916
5156
4377
5892
4701
10762
10770
8761
5383
1304
1025
1883
11257
3531
7193
4369
9323
5550
7511
10754
2756
11685
8780
559
4535
7378
378
5098
9879
3957
4638
6778
4433
9885
6311
8190
11780
1195
2194
9510
4932
7377
6719
9491
5864
1819
8407
9384
2923
8228
7591
10570
8163
6008
5634
11513
3129
6691
138
3850
10619
7793
9199
1000
5142
2318
8791
1615
8571
7223
8692
10546
1428
665
6079
7674
10738
1782
6078
6036
8117
3958
4963
7129
6996
3219
6633
3089
9346
3383
6145
4663
4256
8974
1767
2437
10981
11691
8918
755
3721
4356
9785
7086
6497
9752
9091
2267
11835
2675
3617
3177
8818
7785
6548
10799
212
1457
1586
5458
4910
4876
11979
7265
8856
11958
241
7298
4936
5508
9325
2079
1934
10106
7312
2164
751
2736
1507
7403
453
8091
3832
6485
11557
8704
5960
6846
11082
4724
3471
4810
1483
160
1521
1075
5455
7779
8138
5205
8930
9658
11249
6726
3237
460
9876
11796
2433
8091
4676
9052
3248
3189
123
378
869
7267
2078
3731
1948
864
10378
10025
2794
10155
10290
2252
5575
780
7293
10606
4707
3507
10610
10302
5233
9367
8289
1145
7043
10520
6360
3568
7237
6927
6689
4938
5680
8189
8629
402
9995
2546
6457
2345
5778
9059
9753
9731
1733
2339
1561
1193
1721
10017
9079
7667
8371
3208
2027
3695
1982
5808
2565
3228
7815
7286
7715
3823
691
3949
6751
4586
10000
7242
1871
8038
4711
4712
10659
267
4957
3603
3515
3323
19
8841
4159
738
204
10290
4680
3417
8190
10683
6363
8780
11766
7509
5582
7190
2769
9401
8576
6082
8107
8206
3745
6067
10350
1942
1358
10484
1291
11215
143
431
4132
8432
6253
9274
2653
1313
4395
11934
4774
3666
11717
8980
7276
3325
64
9611
2330
3376
3799
1055
6577
8459
2114
6757
67
4928
9130
5908
7313
2047
5552
454
3958
1151
10742
668
2265
863
11330
4690
653
933
8299
7139
8941
11184
6525
10990
5728
5289
5255
7330
7560
1767
6871
1467
2988
10553
8502
5020
8642
932
8662
10244
6653
5369
9058
2747
3477
9883
99
4123
1194
3161
11327
2665
9782
3480
5116
4480
8640
10745
1491
10682
7847
4623
3716
11253
8126
4757
581
2293
9454
5392
7907
985
11514
2574
2759
3558
877
3155
11231
9826
1844
5392
10376
11609
8257
2795
979
3406
8454
2140
8345
10128
8639
7223
9112
6537
7522
9896
11373
2235
989
9367
937
8621
11865
9476
8602
10167
2469
1787
3605
3717
8769
9886
5211
6197
2269
11114
3447
11178
7655
10276
3512
6228
4305
11452
8224
9779
6378
3094
9105
8437
5070
5949
1315
9260
11950
9113
6618
2443
7930
4687
9911
6212
2492
5973
8607
1390
10183
2066
8237
6211
8214
10953
8127
4367
10147
11860
3875
9138
197
5606
4554
3607
603
5111
10215
1601
10811
4956
11187
9866
1873
7044
7093
3386
530
913
4175
413
10832
150
6654
1842
8970
4587
3333
9058
9157
3645
8493
7147
2918
7161
10373
4623
9103
6437
3122
8351
1182
6015
1108
11302
10112
9810
5800
9145
3029
5751
3184
3303
6533
6969
9789
1251
6021
2809
5857
9226
9781
5635
3061
376
6053
1328
3405
570
3193
10853
3532
8638
7374
2942
8683
5810
2916
8180
10838
10390
1399
168
8389
6452
5098
2454
3719
3373
8109
6073
2586
2508
10683
2265
7067
10106
821
11871
10019
1783
10124
11356
3653
5437
6155
7143
7776
2427
5283
7076
8610
11193
1956
8344
4851
5151
4843
9102
3705
11823
7007
8258
8141
10543
4504
8559
7450
7986
3293
2094
2427
7893
2282
10748
8100
11981
6649
8875
8904
966
6189
3619
5579
7954
4555
9804
1765
11131
6604
3200
3391
10807
10906
4277
5445
1262
8625
6110
10552
711
10517
3210
2012
2865
6705
6362
8596
5180
1210
10356
1297
11807
2858
8620
9706
3580
8227
9282
5282
1105
4744
9063
11006
4046
8799
680
9309
6191
2926
2060
1065
9691
7665
5688
5650
1049
1587
1797
9672
2044
3320
1871
5984
6685
19
11049
2903
644
7815
1571
6332
315
5171
4255
4558
8692
9874
5264
993
730
2552
7085
11986
5707
2162
9611
11032
215
7797
9647
9367
7097
4467
877
11857
4493
172
5527
484
9560
5613
11386
7453
1073
10342
7828
10040
4242
1894
7672
9794
3457
1673
4367
5557
2591
831
6032
8994
9600
3387
9225
6925
10793
6037
10108
10752
4067
8846
10799
5611
11743
2003
4205
4609
4302
7279
3546
2621
4464
8589
11002
5604
10417
4242
5583
9223
9891
2020
9328
2839
8949
9104
3304
1494
2936
6197
2677
11520
3983
6862
7214
2745
9786
1088
4141
8019
4080
6584
10122
2856
307
6035
6413
10502
4413
9764
1879
2574
533
2748
8555
6657
6560
8902
5843
5829
1103
1785
6189
9103
1347
9596
9214
2096
8622
7332
10788
5980
11185
442
10440
7873
1825
10053
10730
9312
3303
2050
1855
11301
1498
8833
5808
10657
4326
5455
8714
2987
10053
5196
9841
4608
5591
9239
8801
3070
11693
1196
3074
3690
7635
7643
3795
9582
11089
10583
11047
7190
3289
986
544
138
7484
36
9570
9482
1778
6668
11438
2027
8150
4266
6526
4379
7262
4057
6031
8721
8119
1774
6129
5072
235
1583
1115
3869
10110
5080
8337
6190
9216
9290
11392
8820
5574
6195
7073
9543
3129
3185
5911
713
8781
9162
1946
10076
9820
6661
6485
7196
10866
430
5126
9602
5115
9287
11200
2796
11755
10895
4053
8843
7856
10273
5234
3021
2907
6360
11649
3334
3312
8910
138
11209
4774
6267
2709
11742
4427
7257
9755
4189
1912
5437
6145
126
11278
9409
5942
1803
5666
8664
1737
725
4208
4605
8287
4314
9346
10933
5088
6764
1032
8506
8963
4775
11815
11069
7441
7883
7743
11916
919
10388
419
5608
4026
5695
7136
1253
8564
9905
3178
8696
11623
8041
790
2072
11116
7116
11141
2800
2995
3475
2801
3918
11794
3479
6863
4042
886
4542
6715
11833
5029
7923
1897
8939
1225
11377
10062
4784
4849
10888
1232
357
10243
2189
3929
4344
623
6633
7602
1474
3142
171
5984
3880
9343
6882
1574
1541
11016
5371
2374
3586
584
3817
4372
241
5669
3089
2926
3631
1366
11514
9304
458
11034
11344
9058
2728
7029
5817
2765
10229
8825
940
8843
4425
11348
5744
10719
9682
1132
4705
8627
407
4016
2436
1557
9783
7613
3421
5640
11109
2706
8719
7307
8645
5941
7022
1003
2937
9846
1309
63
2230
7218
8578
11576
8400
3307
10725
11592
5230
4977
7639
6047
10432
1165
4935
3018
4918
7491
2456
5703
7225
3709
7809
2527
1774
6026
9661
5284
4851
2864
8392
11989
5683
10733
4912
8366
11977
211
77
2440
3490
831
5098
6669
5970
1767
11711
9343
733
10778
11600
11740
10692
8696
7662
5526
3317
1068
5194
10401
9272
2130
4937
763
11962
5369
6129
6418
6160
7270
2355
3877
9189
4626
11917
1783
3761
926
3848
2307
5674
1839
398
2048
9940
5699
926
9070
11730
6175
8625
1130
3695
8931
10356
2010
6745
10075
1094
8
5307
7644
2101
3296
6363
10045
11908
8726
4243
3602
11572
10045
6190
4792
4368
8140
5126
3690
1219
6038
3850
3384
10596
6819
11064
11766
11548
11417
4161
7098
680
7520
6632
1175
4557
10296
11246
3631
1940
674
5807
4085
5692
7215
2366
3355
7819
9284
5149
814
1328
10352
1279
6270
10971
8671
9534
3337
11849
6405
11913
7342
6088
3492
720
10121
7355
7094
8155
6892
3014
7438
10064
4481
8059
10170
10564
7707
9675
10048
3661
3621
6408
8880
7774
7548
7401
6049
11236
524
10984
6799
11425
10724
4173
9659
9041
3876
11222
9947
8380
1403
2329
3253
6102
187
1007
7122
9052
4342
8301
844
6076
1288
10181
368
9626
1683
10908
1762
33
7365
10
6493
973
5530
1767
8994
4457
6713
9676
1564
4063
920
6367
1575
5754
4380
7809
11315
6649
4924
1329
5470
11585
2861
10135
1349
3053
10494
4448
2359
4291
5039
7273
4118
5829
6766
3007
6756
2738
4506
5725
10534
9096
6474
957
8871
9854
3485
8117
9186
6358
2143
480
11654
10163
5477
1725
7066
587
3753
496
9425
4628
4843
3351
715
7385
1520
1653
10527
1073
10463
7571
1730
6997
484
10360
5412
1499
11667
421
7541
8002
572
1388
591
6589
1597
11572
3384
4459
2803
5613
1865
688
8178
1007
395
7303
5313
417
1256
3580
1856
3301
9742
9802
3863
3331
1068
2318
8306
7496
11718
1863
2519
4423
3499
11449
1238
1656
5714
6983
7152
21
5212
8897
5523
2134
2012
10644
1453
9288
3307
1818
3754
10594
11283
11953
4118
6206
10102
11724
10477
843
6753
1315
8884
2520
5148
11153
9203
4528
4930
5946
8085
4183
7906
3219
2419
7711
5831
6
3398
10850
1497
6299
7750
9415
4614
7181
6462
2964
4956
9178
4433
8151
1555
6467
11017
7998
6410
944
5306
9495
284
10995
5264
4370
592
2933
452
6743
11195
8664
102
612
5139
9002
1692
9717
7958
8394
3913
6312
5054
7458
84
7735
4068
6791
9569
10386
5801
8914
11613
7829
11327
5023
2342
1237
6418
7379
5227
4221
5189
4702
378
6333
7087
8881
2417
2140
921
10566
10404
11751
585
912
4479
5993
11442
10768
350
9249
8025
3008
6663
4962
8821
4556
5561
1401
6317
5728
1354
4062
2319
6152
8250
2338
5780
4378
7476
7711
908
4620
887
2653
11306
726
10284
9852
3197
6516
11187
2011
11514
5043
10705
11689
4669
3136
1358
13
11311
1743
2424
7063
3166
7133
1306
6855
6281
937
9870
10537
10543
6317
10440
6341
4325
1178
11261
2214
9398
9436
9773
10779
10975
3716
5920
2359
820
1714
8975
2328
5798
5539
7997
11849
4066
2981
8060
2326
323
9514
3774
1514
4083
4144
8368
9152
6902
8911
8756
4415
1814
4839
6528
4165
2928
2619
3664
8086
1195
6035
4060
288
1845
4346
11571
6821
9769
6396
8303
2742
9352
85
5277
1020
839
6197
3313
6519
6236
3181
9171
9661
4095
1590
4452
2115
6254
11247
6688
8937
2601
3017
1276
87
484
8268
11572
1108
1111
6566
4457
3958
10568
2167
4100
614
9598
6070
7360
8045
8263
7132
451
3489
934
4743
11982
3731
1734
3008
10371
9140
652
151
7904
4753
4002
3049
1332
10517
1685
3316
11938
9027
9970
4318
2339
3738
27
11742
3137
9573
3445
6049
3559
11210
6237
3174
10846
2091
6595
8244
6953
7275
10686
7879
4446
11716
7236
1832
10069
10473
3503
8238
4499
8513
10398
660
8187
9416
9112
5463
9926
4266
7567
622
6961
4356
2288
8223
10918
2082
8051
6232
4763
5481
7678
978
239
1384
3864
3922
2865
11982
3667
825
6600
11827
6574
4383
8665
10950
10555
2640
8766
8675
9524
3211
102
2140
1925
11327
75
5216
7846
201
2451
9652
1167
2958
8052
724
7699
4546
11651
8569
8038
7619
8752
9542
7152
4258
5360
9622
3205
5727
2557
7818
6121
1101
9894
7892
5699
4658
5056
9460
9798
11347
2218
8633
5169
5438
9695
5825
4983
7616
5182
10236
1898
4333
5877
10721
11751
8152
5144
7394
6474
9108
7171
11253
3859
6772
8183
8516
10045
4761
11306
55
10341
3834
2046
4425
11093
10537
8624
3478
5678
5490
2025
8401
7630
999
2665
11243
3004
5537
1916
2604
10750
6982
9552
4148
11736
3151
2246
937
6452
7188
5844
3346
4070
4818
2928
9381
11662
4260
1546
7752
1762
9736
6533
3858
1371
10103
9926
1122
1603
5002
9325
669
2820
4258
820
9364
1031
11885
8260
9553
7629
4137
11112
11601
4282
11453
7102
10405
3830
4887
1027
3563
517
888
7826
1719
694
5712
7947
10838
4336
2766
498
3781
6287
6434
385
8521
103
8591
3785
10678
4675
5089
1832
6838
6518
8898
7274
8152
6704
6357
1094
1256
827
1217
5776
9366
11266
5626
8848
4653
9133
2188
6783
3608
4985
485
11046
10075
184
9127
3247
3997
11244
441
4861
11649
3108
3338
2856
11227
10452
8655
5841
10170
8470
6483
3982
1398
516
504
1938
4943
7110
280
3466
991
1401
10754
1094
395
8170
2849
4416
3014
2712
147
10048
11023
713
9992
7196
9385
230
3200
1037
3218
6404
4703
5756
7586
6315
6003
10069
3520
1611
1217
2507
4649
6091
1832
9425
5834
6410
8876
9888
4501
2353
3353
4086
9173
4871
8121
9801
9729
7101
9230
729
4461
72
9911
1096
11815
8629
9916
4990
7951
6249
8853
4273
8871
6097
450
1639
1801
11509
3346
3563
8944
2497
7035
7371
5356
7534
7045
1576
3910
5941
5190
850
11680
5688
2917
4676
10034
8194
6308
5708
6890
9953
10225
264
10218
8367
4366
5152
4844
4112
5684
2129
7996
8704
5630
5857
8702
1614
7150
3050
10326
8373
7120
7819
5950
5528
7076
818
11213
184
8654
11837
10398
5006
10072
2846
3223
2170
2246
7292
11712
5702
11861
1539
10926
2929
5682
5909
8033
10531
11907
11609
11321
2671
6039
10155
220
2227
11039
11478
5283
10882
5973
11957
9267
6095
8345
5980
3092
8521
8559
413
1440
2389
2652
10496
2067
5693
7473
8161
4692
744
6873
11722
1384
4688
4331
1072
6878
4071
2524
11222
6091
5336
5967
6970
9344
344
4717
8953
11400
588
5454
6000
418
3707
2909
2926
9267
9249
1658
8370
364
1307
1713
176
2350
3767
7137
4097
8333
1289
5076
1209
1346
2042
9158
452
8859
8368
6096
7110
8788
7121
7656
5766
6466
8406
11808
5468
7334
9747
4908
1273
11904
10405
3207
2306
9598
7666
4736
5664
2584
5348
9824
2174
1570
10605
10022
4015
2745
4308
1134
9582
10671
2860
10348
7769
11907
9242
8121
7946
4489
6410
2541
11442
5154
895
3260
7225
1247
6467
5934
10726
3798
7243
6245
2405
8046
8402
1127
9654
1963
6875
9744
17
5928
5963
55
7507
5643
770
6475
8853
11816
3694
2160
7136
11775
855
5917
2048
10363
11502
2453
5356
9883
10792
3931
4722
7768
4260
4273
1107
7831
5399
3606
8316
6606
10415
4540
33
2231
2146
8613
3835
3707
4460
6294
9163
9068
9125
9374
9137
8148
1265
8313
6359
9060
8929
9344
4461
7391
9119
8624
4214
1337
8863
9685
5351
4617
5450
1681
7053
1953
10908
5654
1164
1315
6142
26
10729
6797
9846
2988
6316
6150
2339
6222
5870
1440
10996
5577
6453
10178
9695
7846
8264
7478
1953
733
4708
3441
9973
11361
11035
1893
7772
7362
4224
3003
11912
1641
8299
5016
2006
3293
6111
5455
5300
4963
2966
11600
1037
7122
9006
7951
5159
4246
10359
6570
98
4815
11412
4820
1967
10357
312
10009
431
2396
8991
1789
8851
8252
11448
2891
7986
9004
5978
8886
3648
3776
2267
8148
7090
9629
2881
40
10797
3906
2762
4584
11515
1807
9655
10460
6926
6224
5193
2209
10346
5583
4510
5802
9115
4442
7718
10525
1097
7038
1532
207
11719
7755
3542
6310
5480
2664
9280
3234
4677
2821
11260
10462
2244
2913
1533
2732
9257
6184
5062
2427
2528
173
379
1724
10108
9903
2477
3781
4128
5517
2780
10321
1599
10220
6317
5496
8114
9478
816
4723
9326
35
4512
4445
8207
1180
772
367
10709
1009
6487
9693
10350
3105
9230
5247
5640
10068
1767
2109
10887
9789
5350
6463
11055
2117
5478
1875
8771
9760
5508
2057
8385
1780
10410
5398
10234
9006
5459
9160
7788
11915
4323
208
11323
1262
8204
6513
104
9748
10168
5368
6739
1428
718
407
2437
8400
1879
3951
4395
9406
9744
10089
10288
4608
7432
9131
4116
2650
9773
11663
8174
8437
5822
4424
9898
10741
11437
2571
1643
5772
7645
5651
4159
4259
1449
3664
608
7413
3943
3138
7392
5277
8276
10925
6926
5534
10997
1723
1644
1749
6713
7891
2140
9327
9733
7109
3258
7109
1539
8826
6311
10624
1410
2108
9271
9359
9414
9677
5856
9285
8272
7331
918
963
9193
2875
7313
3166
6823
11854
10657
7827
5835
11017
8969
6436
410
6429
10108
2667
8076
1479
9250
7072
8775
6774
3382
11074
11031
3022
5812
5311
7251
5482
5178
1542
5903
4402
2257
1847
7281
10117
6075
5803
5975
10071
6373
11600
4921
4018
6469
6713
9045
6990
6850
1817
7008
5387
11542
10028
11490
7611
2374
4339
11653
7177
2709
11344
116
1069
4026
6790
2748
3352
11954
4510
6984
7644
6909
10528
9146
10053
8474
797
3359
2515
1923
10120
6186
5217
6070
7137
11984
5884
5616
160
4243
1203
10685
10711
3821
3491
5018
10214
11967
11968
6519
8203
457
580
5401
3688
8888
3329
2157
995
2329
11364
11871
7441
5056
1890
5110
622
1942
5017
6712
1894
4388
1131
199
7761
8267
282
11426
4480
3399
2261
10214
3067
11465
11683
1354
2196
3976
2334
8250
3157
139
9442
7846
4077
9883
9210
6166
10017
2258
10114
1853
7372
3659
9885
10568
9146
3944
10006
7907
10232
11582
1749
8740
6738
11281
4407
372
2699
7374
7321
5969
3179
7332
2707
927
2800
8313
7985
6648
7181
3522
408
7165
3528
434
11314
2610
5819
3566
4122
9254
11528
4481
1487
11102
803
1116
4565
6581
1265
9280
5381
3815
8260
3285
11614
11287
7492
6223
5849
3413
6312
3246
4463
4623
5785
1511
771
2954
9790
8049
943
7058
1979
5849
5396
2647
10325
2846
9022
6040
10266
4238
2523
5364
3162
11696
10563
4352
10778
7579
4090
7314
959
10103
10371
10976
4439
2707
6690
11321
9892
11489
6573
3378
9890
4578
10586
9115
6341
4746
5394
1162
6269
9241
10745
2056
3478
11058
2353
9983
8671
9290
3471
732
31
3148
10950
5659
10049
8465
7150
6822
2541
9146
6865
11413
6388
11061
2676
7671
3384
6213
6753
136
921
834
2103
4996
3888
4143
11629
4629
6202
11067
1054
6133
6812
2059
3944
5714
5820
6459
5456
5249
1497
8425
10367
11162
8567
8537
2130
8958
3990
5507
5318
9338
6835
11224
9797
7739
1424
6483
9327
509
2058
4272
2028
1596
968
8358
7228
11709
10994
5204
714
11371
2629
6855
10270
4098
5619
3457
5568
10135
6212
2472
1162
4753
6475
11382
4231
87
9730
1849
8131
5771
224
11781
10529
7369
7565
9644
4996
4650
3232
2655
9404
10222
11672
9069
9359
10838
7975
6835
2096
10920
2128
4272
9907
2392
8049
1149
101
8883
4323
8731
4916
11662
609
10832
11466
7402
1073
10828
4970
5907
7
5817
5951
9399
2990
10784
11963
11802
3437
6600
4632
8635
3359
10120
1421
11712
8389
6344
10460
9800
2857
5819
10202
6695
4695
2888
3344
5898
4388
8357
2594
8127
10985
5347
10305
351
1342
9783
6902
10889
321
2959
228
8246
9573
11008
9525
4028
6840
6866
3794
10137
4384
4484
8597
5821
162
2487
10093
2850
10833
3451
8236
5152
5411
1162
10508
6678
10640
7897
1439
6142
1588
10746
11394
11410
4002
4436
4683
3940
10149
11803
8099
2613
3614
4260
6252
10593
8537
5099
11884
8588
5175
6327
5383
939
2503
7047
8276
3414
5707
3980
10227
11418
5983
4780
4420
8514
11955
149
9708
3742
4348
5532
1952
6156
8180
11320
9311
8336
3818
5981
10960
1318
11640
7434
7849
9478
8832
10252
7569
7329
11049
1895
11257
9051
170
222
4708
9721
6323
4858
2458
846
1644
4831
588
1700
10897
11961
5351
10314
2122
10035
4458
7669
916
11682
11962
9706
6710
6105
6164
2218
2606
9494
809
1525
1873
3927
11087
7011
8097
9979
1537
2198
6303
10982
973
2974
1022
9080
7844
8897
10313
8660
8233
6232
4174
3670
11774
11431
5580
11617
2233
11196
4522
4592
3405
6142
10011
4803
9143
11225
9878
6355
10993
7697
7538
871
1877
10300
2522
1661
7595
9731
1643
7609
11684
2109
2072
11925
5253
4246
397
10082
3914
3986
8899
11957
750
4683
5829
3163
11541
8106
10387
1995
4015
8607
11398
5107
2949
3379
7331
3248
11200
6907
2390
9846
7572
8449
8773
8119
3488
5447
5022
6690
5886
11220
6566
3281
7689
4087
5042
7084
5349
1346
3978
6800
5639
986
3647
9110
6794
9094
7611
3432
10486
9124
1492
1399
854
6993
2950
1310
6883
2954
4602
3126
4946
1723
8837
4172
7149
4110
4972
7759
10365
10626
9152
8294
10440
2095
11664
1229
40
4290
7016
4325
2971
8863
7185
216
8500
7622
5806
3173
8360
9224
6960
11180
6578
2815
272
121
8097
3996
6677
5855
8438
656
4062
10353
11234
9819
1312
11848
9424
1580
10955
46
3306
2549
10636
22
2317
2893
6079
8221
11556
10174
981
9348
10532
7598
2441
1493
10480
147
4096
4868
7793
5229
9035
2939
6778
1084
4845
11479
4851
6129
7849
7201
9724
1724
586
1173
10780
9586
8056
1043
4021
1094
2000
10443
11395
5248
8684
3503
9180
10787
180
7479
2356
2248
4071
6828
469
5278
11777
3880
9485
11451
1397
2358
9493
11215
4984
8512
7848
5245
10585
2535
5424
1573
4186
193
2167
2313
5874
9195
962
7631
2034
2905
6078
7784
5368
1339
2044
664
6778
2159
8806
10199
9838
6535
11362
10295
3623
8222
8794
11724
1085
11126
10744
1406
7932
10857
4836
11005
11179
7428
6425
6558
7048
5263
6259
5107
823
11071
8275
5803
10559
7873
6700
7963
8206
4673
9013
8859
11776
7688
1026
1725
562
7011
8472
5522
2237
5820
7949
4485
3819
1849
10946
5271
4037
10918
3872
8740
8552
3622
10673
5968
3758
5137
522
4056
5601
124
7508
10590
10834
6345
9914
346
3617
7382
1812
9895
10102
7204
3189
7170
3836
6882
4631
7972
1378
6838
8888
11491
6391
6335
6185
2565
9829
5732
7176
11316
5446
127
4739
3122
1943
5538
11610
9623
5457
4656
8882
4465
4903
10473
949
8013
9851
10701
1271
5024
10146
5958
2598
6505
8422
10012
10895
5550
923
1205
8187
6889
4748
4287
11878
11217
2641
9377
4876
8067
7909
3709
5904
3056
9790
10036
905
8804
11822
1214
282
3624
6250
1527
10942
301
472
7656
4720
4843
10783
1981
5774
6028
8361
8059
4824
8923
10494
4589
1908
1215
4432
2104
5414
4294
8068
3857
1590
3458
6812
7043
11661
1467
3570
8468
825
4820
10634
198
11111
4754
10622
7462
9930
6887
10247
9228
10655
2750
5730
3380
10160
3172
4126
9321
5456
3524
582
1056
971
8313
5751
9505
11926
11419
10096
11730
7455
8462
2769
5227
11755
1394
4017
3138
4489
10308
1740
5387
5074
9833
4883
5283
5164
9147
10749
8988
1781
7729
6113
8518
19
11418
7192
1590
11078
5176
11060
1644
649
10134
1029
8720
8268
11096
4793
8688
203
6621
6805
6420
4863
3103
9420
10019
2359
7003
4720
8115
3049
5446
4750
8493
9289
8829
10076
1946
2542
3944
3078
284
6173
8290
1361
3772
2899
5833
5906
9089
6820
1432
299
1982
7327
3452
5387
9350
11918
3798
139
5318
1023
11688
4290
11208
10486
7901
5494
11856
116
4096
7283
6817
2058
4976
6019
8331
6231
7635
11338
8717
8151
8419
9239
3979
4747
6905
2040
5935
8561
7327
8798
10056
3776
7856
1617
2470
5047
9580
7449
11217
5925
1848
1463
5857
9926
872
1080
1922
11874
6006
10974
4460
149
9120
1054
8047
1826
10783
1484
11186
392
10665
7184
4855
11882
4664
7094
2270
5712
5700
2617
5525
5365
8923
11198
2825
9315
5337
8952
9384
10166
10347
6497
9816
7985
11734
2856
6036
141
6875
7308
10123
4715
3710
2502
6545
9621
51
11945
6390
7097
3269
11108
3852
1055
11216
11997
2305
11002
1444
11887
7592
4877
9366
4271
10000
10115
4906
7695
1485
9593
1606
221
1227
2862
11731
5681
10486
7174
102
6642
3006
7271
3770
6228
11831
1787
2469
2431
1394
1328
10037
10492
3197
8904
5503
11227
4054
9363
10527
3823
4111
2850
3200
696
3302
6015
4900
7386
9798
1828
6966
2297
4300
8328
9448
5243
3626
2473
8936
8278
10062
9524
759
1242
5350
6970
4344
9749
1946
10988
7519
6959
3281
4804
11856
2597
5324
4031
2845
5029
5595
2170
9772
7043
9058
7963
8603
7138
4928
3095
9048
5649
2503
10031
10107
4993
1435
5325
7043
7567
682
3762
2636
11546
4496
5017
906
5820
3298
1267
2190
8784
8216
7288
2546
5424
4276
6044
11889
5378
10921
6656
85
3135
3500
7827
10466
2488
7800
444
5733
6636
11408
4044
8254
5012
8872
5169
8995
3930
4116
7406
3096
2594
5448
967
5138
778
5774
2187
7600
3674
3271
8126
7844
6937
9770
6751
10158
4875
3484
10730
5951
11027
5510
6853
11159
9039
7618
9508
7235
10800
8411
7274
2805
4190
5766
8899
3126
630
5790
8333
3966
10741
6104
10393
3300
1004
10321
4828
482
7216
10951
3202
4051
1810
7732
11943
4347
3816
3522
6299
9387
6240
8410
5672
4184
8094
556
2865
10747
5073
7594
4318
2447
2059
985
7213
2286
2171
9815
4591
1759
4999
11820
3212
3627
10950
271
4875
9815
11307
11426
276
5018
4642
793
3198
3267
3634
1352
11952
4803
10156
3088
4449
10025
4640
902
5158
150
10296
6916
2405
4374
1647
9594
3127
10927
6178
9888
1097
8353
1509
1704
87
3675
6615
2549
11069
3800
7962
8061
8738
5591
2272
1417
7080
6495
4783
7244
565
5429
9394
11648
4797
8816
7038
11392
6039
9270
6894
6010
9013
4336
5716
2754
8746
10053
1617
9827
8947
10780
6054
4193
2502
4810
3546
567
7184
10761
2840
5780
7488
4514
7777
5750
11773
8726
3005
677
459
8468
11045
5837
8055
9519
4779
2466
5080
2157
9597
7795
1763
2999
1731
3099
3415
4488
216
9980
11926
6127
10979
1643
4641
1320
9189
2032
3142
936
7859
8992
10022
1241
9009
2448
1767
5828
369
8710
182
8479
5627
7494
7542
4592
11670
1194
1744
10894
6028
4148
11240
590
5939
9310
5355
11955
10944
10734
11851
10517
11891
10682
2176
6638
492
3907
1869
7157
5238
4811
857
8158
3545
1695
226
3574
2407
6189
10050
7458
8615
11231
11404
6138
4799
9578
10522
2382
5058
8871
8293
10815
11892
632
3894
8450
2404
3365
3336
4155
480
4037
69
2150
10587
7754
11498
5385
10362
8324
385
2688
2888
650
11609
9032
11736
5549
543
9096
6396
8599
3646
2498
657
2994
4361
4633
11755
170
10474
8024
3797
11071
6399
3402
9022
5465
7607
5434
838
2596
499
9092
3422
1704
7540
3109
3787
9612
2285
10783
11796
8568
189
11602
7506
10919
4682
11724
7531
11970
5987
1309
8753
10498
4483
6011
794
9920
9193
638
6044
1990
1026
1089
11844
9167
9946
2072
3614
9417
3022
6994
10214
8274
4627
6565
9786
1284
10579
255
3591
5816
7060
11693
11043
6280
2470
5397
7159
3359
10109
3974
2097
5712
9697
7935
11215
11897
6213
6782
11259
8861
11388
3811
7860
1416
8418
10281
3388
427
4086
1181
8550
274
4428
8787
1749
4244
10466
9471
11312
2031
7246
2009
5040
6415
527
5632
11421
440
8943
11552
10912
66
1323
2515
8331
8257
7095
11133
4260
8878
2255
11288
662
2527
451
7928
11610
9555
9987
4801
36
6045
9362
11456
1852
430
10027
3854
1560
1640
11524
1435
4668
10361
3030
3255
7753
2967
10590
9044
4915
1079
10851
9614
1714
8476
2189
8966
2272
3197
10404
9782
8334
229
895
6705
4458
1004
8391
3861
1326
8238
6705
530
1296
8260
4915
11712
4910
11993
8560
4513
5943
132
5048
869
9906
5853
5476
10062
559
5461
396
10801
11060
5983
4801
6377
10743
6519
1703
7418
7399
7481
8173
3258
7993
4446
2540
771
2392
11403
10711
2664
2526
11515
9139
1853
7740
4323
5994
476
7734
10417
10401
9409
9566
4134
4367
6861
4563
7732
5134
4711
2825
726
3124
4668
1145
11748
2575
7192
10720
7247
6119
8287
9949
7815
11224
6871
8909
8588
1346
4368
7752
7398
10054
485
1330
4795
41
2854
6756
9998
7139
1268
5414
2049
3839
9724
8099
8123
5742
3267
7489
10914
9560
11876
8105
465
913
4151
179
6496
8135
7580
2534
5480
651
1409
599
216
9255
10913
9155
10508
8661
11878
11116
3846
6258
9599
11913
10637
4768
11501
7505
5482
2827
2680
9018
6471
10031
7268
6285
8143
10030
7438
2221
965
2590
223
2022
4645
9247
11989
7598
2511
5326
9500
411
5440
11551
8969
3124
8445
9335
6269
3919
11079
11063
8742
7346
6138
304
5553
1803
3981
4848
5542
6436
7857
9821
2806
7288
1176
2891
4975
1942
6555
8643
9195
7701
8686
2698
8304
10510
6772
2022
10493
8366
9232
2075
7941
5896
11806
6076
1518
6050
9923
6625
3556
550
7344
7294
11036
6760
11612
3514
3247
11073
8706
10206
11031
1689
4580
8060
1163
2848
1890
5265
3301
10102
2229
4668
10036
8137
7579
3990
3273
965
7445
2688
2007
2939
8280
3413
3962
117
1313
10727
10210
6918
9787
8890
6008
8770
10861
11953
10489
9680
7106
7299
10704
10135
3473
1962
9710
1706
55
1700
7938
7996
6698
9737
2073
7248
2666
5482
5971
7989
3062
1242
9836
7457
5602
5050
8977
11416
4613
221
7892
5069
9734
11107
7258
10371
6835
7722
2612
4929
56
9567
68
11986
4608
907
10377
11654
8128
10154
1955
2587
3907
6703
8210
4735
6176
9724
10552
5565
1881
8816
3955
10369
3079
2372
733
5744
7009
1674
4401
8323
7362
3353
1069
8064
5985
3854
10781
3123
5396
8879
11481
9352
3029
2507
6073
3872
9974
8829
4032
1006
8267
7363
9520
7979
9421
4427
11784
3355
10871
11841
785
3114
10434
9929
1616
3524
11624
9822
11179
4679
10791
8357
9956
7581
588
3627
10367
5078
5137
2360
3321
765
8537
1743
11982
2107
9990
4202
8613
8609
3832
7855
8571
748
1151
3965
5066
10723
9416
5720
9290
5658
7699
5986
8796
2067
1585
7440
769
660
9717
10592
3839
7493
7231
7663
2578
10537
9948
1172
642
2348
3196
1290
7700
7401
4541
11639
1885
6953
4449
9197
9449
2975
1054
4307
6597
1740
10714
11546
7249
11042
6897
11276
6449
8853
262
3231
6692
11380
10372
11312
3181
4995
6512
4983
8297
1489
3506
1326
7060
5342
4116
10711
6402
9385
2821
4461
3299
1299
6218
10599
10597
3763
3230
11839
8367
1905
9531
4528
9132
846
7231
2035
5094
11685
2931
7358
709
10187
10556
5308
4516
8732
6221
2611
8099
4741
8469
2631
5356
1847
744
8124
1977
7505
5869
4586
9083
8496
518
186
2435
6001
5370
10157
11467
2400
11562
9749
4553
8929
10540
4461
2539
2568
2081
11208
1486
10261
460
1493
9902
10536
9204
7347
9468
1090
2790
8898
7281
9642
6905
8962
2155
4528
11486
10831
5274
3116
2826
6728
751
3932
2373
7966
8191
10786
6635
11845
5298
9785
2726
670
3922
7192
7619
5015
7599
9505
6032
8426
755
2918
6165
8307
5158
3492
6113
5507
8052
5927
2814
5425
10583
9702
7773
3999
4725
10698
7547
2975
5854
6041
6146
2175
2418
9963
2985
224
9907
10901
1920
11299
1325
2844
2179
9945
10912
1098
2600
4876
11562
188
8642
11857
9719
5542
10983
9438
4010
6878
1312
11240
3845
7903
5033
6864
5578
11948
10126
6241
8463
2613
302
5314
4761
8275
2836
6448
9782
11457
1091
2818
8457
6654
2801
8246
1273
3071
9509
2555
5943
53
8367
3533
4134
8657
609
1880
6942
4838
7544
5327
428
10173
2772
146
11694
8778
639
4807
10324
8340
5508
1358
1956
6611
6522
5348
7840
8733
7846
2721
8869
6985
7185
6086
8543
3255
7490
11113
4571
5552
4282
2563
5592
3311
9909
536
3535
6031
4313
3008
9575
3951
7529
2607
6509
6017
4123
1778
6536
1305
2208
9103
11000
11360
3390
10534
11648
8589
3161
4636
3216
1871
1775
10677
2913
6981
7498
6500
5400
2199
1407
5605
2348
10679
9569
3717
3460
6638
2369
6329
11048
8414
4265
2359
2831
1672
5860
2992
11573
2737
461
3164
7487
9077
6708
1860
2065
11362
3768
4518
8022
3331
7904
6296
5528
5864
2760
6827
7722
4180
8828
3300
672
6046
7863
9346
10560
116
5831
8135
11782
11242
3065
5500
6016
9590
10867
6600
9979
4873
9623
9744
665
1737
820
9496
1356
7559
7936
8013
5441
1436
1220
4821
8361
1058
6764
2812
10504
10469
7003
4261
1871
4357
11957
2982
6631
3603
10000
11500
384
10189
9864
3197
7054
9381
9816
6909
3732
9291
11606
1240
2667
411
7783
10175
7759
8692
3371
8100
2518
4976
10649
9377
1365
1320
10916
8936
2518
2722
1668
4101
6356
3243
9427
3965
4280
10264
7798
5109
7502
1819
938
9308
5018
9468
10619
4121
7254
9080
8462
8841
2413
10243
3711
2264
10507
9609
2997
7123
1395
2599
10107
8716
11854
3248
10613
403
728
11814
8527
8106
752
9906
1744
9799
350
5458
8054
6224
3015
2765
7915
11661
1375
4115
9919
2557
47
3203
2010
11188
9677
6570
6072
5239
2265
9705
5313
4329
8988
3271
11224
2927
4102
66
11453
8034
4428
6861
7994
3171
7036
9207
4446
5874
379
7574
11884
9817
48
11851
2999
7109
7641
4293
9706
6985
5954
2408
6247
228
9777
1074
8169
8186
5000
7341
7093
5014
1588
5922
276
4104
6180
8294
2332
10185
11613
11613
8210
5603
11667
9321
3724
6652
11600
1382
4383
9501
6793
4469
9186
5450
2855
1248
7317
5659
3009
1049
4275
4375
8409
11786
4031
2937
8221
4858
7148
2385
2890
3132
1601
6553
5949
8675
5143
7809
7066
4047
9575
2398
3718
4318
6188
1406
946
6789
9895
6859
10111
5558
11175
10335
8380
634
10031
3683
6889
183
4491
8059
1070
5823
1961
450
9628
4524
2888
6257
4922
6729
696
8175
1262
720
1826
11771
2650
10052
3010
2610
5986
8037
9504
4639
9568
825
10051
779
9909
2518
1719
271
6478
4052
8503
5302
1912
2289
5752
9805
4587
6737
11970
4039
3105
2787
8420
3682
4368
2138
3257
11623
4318
1224
10500
10519
9286
1029
5221
10412
10048
4589
671
6280
6317
1752
6851
11415
6281
2467
9161
7838
8185
9883
2272
2731
8612
8987
8265
7937
3214
9284
7321
64
2080
5189
5905
3630
9759
5362
5383
8835
7156
111
9406
1223
3093
306
5153
10463
5275
11887
7664
3773
1710
3121
11999
4355
376
1157
2864
2193
2938
239
5583
8139
3830
8089
5940
6012
797
7523
7445
5700
9208
3298
8929
8828
10029
3433
1178
3569
2291
9977
10405
2505
11204
2184
10911
11193
6767
1518
5158
1168
10840
666
10729
3655
1003
5936
8295
3029
5459
3937
738
382
349
11377
6924
1103
1481
1078
426
375
2376
2022
11610
858
5908
6219
997
9536
11468
681
10756
5839
1689
6515
5349
2606
2203
9356
6101
7323
8720
9884
11372
1295
7939
6096
10482
5041
10363
4298
1233
9119
8017
3430
61
5030
8448
3425
2327
2508
10021
8663
8164
3640
4644
8417
550
741
6499
5350
10914
5762
9141
6638
5588
226
4588
6243
1833
8318
554
11145
6876
5702
5935
2988
7586
3046
3991
3688
5905
9888
9369
894
4019
7661
1167
7069
1556
4138
3715
6060
6696
5393
1538
11609
118
9653
5208
3150
1077
11990
6331
11556
4675
1774
4882
1128
4527
208
8417
2219
1526
10933
6401
11238
3316
2851
5945
7622
314
2781
1725
4524
2796
10383
10650
7469
7538
7070
11051
7208
11914
2195
10771
7241
8108
7798
4427
3188
2230
9542
7488
6193
8635
10206
5493
11992
4640
3212
6804
5065
7103
7133
8745
5443
5928
1976
7801
6300
8621
2312
4752
1377
6370
8853
7180
10568
5906
11130
2754
3673
2524
9245
7012
4379
2176
10398
3052
908
10397
4004
3633
8614
1134
3709
6624
10941
7152
5441
10578
8724
11700
11884
8375
5704
8538
11360
3505
10446
10164
5087
7454
9516
10198
11141
2016
11786
9455
153
11059
7202
4043
8938
2295
9097
4163
9654
11143
9326
7857
4016
5489
2040
7013
274
452
823
1297
3292
5758
1219
11444
9033
1316
6339
482
122
8913
9289
5987
4891
11609
4561
2317
378
11551
9343
1088
10311
3299
2854
737
11862
5638
9366
8069
4289
4030
10482
4050
104
4427
2548
8885
7438
7125
11722
9534
8607
4662
6277
6360
8633
10458
7162
2467
8545
6973
9568
7561
7801
7608
2487
1778
6011
3390
9765
11997
8373
9711
7038
9452
1829
11899
10300
7303
11966
11447
11453
11909
1980
949
10282
2082
10826
9566
678
4487
3705
5866
7757
8588
594
5388
1659
1231
5317
10042
5396
10903
2929
9695
11983
7139
6772
6874
10429
5298
6538
11429
6798
5050
7048
1347
11617
10447
2165
6636
8295
339
7381
1183
3060
8142
2087
7063
1034
1598
8402
2482
7639
6224
9653
10825
7446
10461
4217
1789
7871
10363
3415
4587
4762
763
3485
9485
7013
6377
3420
9661
3715
2192
2542
6445
2172
9759
2172
7443
271
10610
6606
4870
2236
2088
1844
2629
6711
2211
6121
5229
10427
8984
6268
5606
11348
7700
10287
4214
2260
1289
11259
6464
7180
1648
2808
7658
4719
152
3815
4029
4783
1208
11938
5297
1430
1664
7742
362
7727
3356
9817
11349
3649
11748
251
6124
3817
4836
7212
1782
5838
4948
7071
9243
4471
3971
4649
2229
3649
7813
2628
6299
11499
6523
4022
7454
3098
6523
844
7051
9615
768
11709
4291
726
5450
5079
9532
1959
1953
3239
993
1553
2315
4791
6114
931
5321
2579
4891
616
8615
5447
1
9627
1858
53
1302
889
6986
9232
2536
8186
9953
11975
1603
11375
4198
11100
8760
10343
7121
13
3382
8182
5415
5727
11652
6469
8985
7363
8612
369
2422
3900
10452
8416
5668
7737
8743
9361
11488
11891
7513
6452
8782
10262
4655
1720
7516
2366
3080
11586
9172
6292
379
10099
178
4379
435
11573
8601
7208
8517
8136
8696
10987
822
7917
3537
5246
277
8117
6926
6043
6579
4134
6223
4392
58
1189
9449
6717
5890
10611
11190
7398
11480
10920
4310
9267
11590
2326
10397
3971
4808
6009
5097
4648
1435
8743
7164
8168
6685
8944
6022
5464
6273
2175
6069
4054
83
8393
10675
4843
7510
9915
6983
9670
5410
6136
8135
6755
4329
2412
10416
4351
8679
4339
1092
6346
2058
834
8339
7451
5684
5947
1669
5811
120
10257
9670
11507
2078
8012
9602
10368
975
11821
8569
3905
4298
6751
2457
11874
4499
10133
10747
2091
3235
114
6559
6634
3194
3217
7927
6357
3600
685
8297
943
8673
9302
9663
5277
10884
2690
8480
8917
10831
11748
4654
3817
10838
5916
9417
2144
2121
10416
2757
11178
3410
10350
3394
1730
10375
10768
11847
410
41
6314
10221
2252
2557
994
10704
10862
4256
11913
10502
8197
4921
6468
6114
3478
10463
8570
8343
10406
7936
1826
1323
6039
10885
474
4116
9095
7456
3971
6048
8346
3555
6714
8996
980
8513
286
5195
6421
9281
1898
7913
7066
1184
5372
10473
9771
506
4073
8611
4636
4943
2582
10059
8746
8005
7720
5471
2003
4908
9686
6500
10057
2306
2634
1780
5546
2435
6914
18
11485
1792
10485
9113
3608
9448
8726
5384
5839
10378
1845
5496
10779
10946
11564
1544
11210
2699
3502
5039
3118
7111
8903
4164
7548
9739
825
10683
9872
9423
3902
10265
10646
792
11017
8762
6210
215
938
11114
1535
4723
10004
11031
10563
96
8323
8562
8381
4396
10812
8838
1068
6646
3510
8978
4882
5244
6178
7122
703
2817
7085
7963
261
9869
7227
8890
11634
8469
6817
6016
2869
5600
4995
3858
10333
7437
4098
2323
10450
2943
8601
5933
2017
5587
2054
835
3128
9834
4857
7181
3938
10245
9611
5814
2155
9608
11132
6995
10090
450
6833
11020
8458
1638
239
2091
4870
8441
11829
1700
10044
10528
7168
6036
241
3798
8499
3566
10314
8803
10443
1963
1946
6664
1456
11919
8311
1021
11912
11157
5314
7465
11386
9103
8975
4214
9760
7162
4215
5559
7157
5454
431
10586
6547
8116
11705
2221
1988
5918
6373
9399
5063
10948
9898
2401
3938
11509
576
3958
7797
10136
1639
10668
6056
11777
1601
10616
2822
10685
3496
9759
452
11469
8713
5732
5891
8004
2627
9173
3610
5536
7093
5492
3533
6344
11083
2203
11227
11675
9361
10522
4961
6481
6072
8859
7878
8564
7471
6210
5575
4304
3749
1072
3812
2979
29
8667
3860
8994
1067
1635
2157
7944
11069
5238
489
8448
3240
3272
6853
5104
7332
1492
7401
4636
9363
5277
4593
3483
8124
5611
1679
4556
11746
134
1080
9802
755
103
2012
11456
7492
9551
2886
4521
9646
1753
4530
3998
11879
8312
7225
8802
10120
1742
9827
2046
6085
9391
4915
6525
4951
851
3952
8721
6813
10729
4856
4566
8698
9679
11182
5433
4347
11114
7284
1489
11875
6776
3349
11532
10603
5571
136
9829
12
6654
5548
7258
5707
5692
7793
4133
9649
8546
9000
1678
6663
1329
8507
5945
2300
7874
873
2254
4640
11064
7825
3888
458
3339
3872
5734
435
11885
6282
10028
8656
7540
9360
1030
10665
9492
10667
4688
1663
59
2852
1764
4212
9644
1178
4885
838
4936
7646
9137
7506
1977
9736
2555
10700
9436
3396
804
8144
10719
11763
1754
10756
8058
11430
8439
9438
5708
8739
2983
8644
2680
5605
1626
3409
10156
9811
1835
7620
8789
6498
6788
4788
563
7755
113
8455
687
11724
4803
3563
1211
11605
6611
772
7629
6186
5980
8626
10662
9228
7711
9888
11782
11055
8076
10057
670
142
10980
4183
9957
1257
2019
2609
2955
1895
3940
11077
4012
4301
1009
11922
2218
8268
9173
622
11858
202
11676
8017
4871
630
11935
10793
1992
1331
950
1636
7855
8730
7469
7498
5480
9966
11343
9944
3002
4208
10160
7370
2292
10356
4279
1159
11354
1156
1719
10378
9950
11086
10183
2667
841
8991
2579
306
1367
540
2961
8134
11779
1954
9648
10165
1832
5266
11582
6196
1565
540
2614
536
10045
28
395
262
3033
3131
7968
9965
3129
9361
893
11974
5861
1151
8903
7374
549
11397
8555
3861
5465
2036
8285
7610
8841
1789
1477
7772
6806
11301
2850
6126
8084
2517
8431
4578
1517
23
1800
11864
55
7362
1044
3745
11790
7025
9983
4385
8945
2861
11767
6285
9425
43
6809
4291
602
2541
6289
5656
1484
11218
3095
4984
1196
11208
2096
4144
955
9146
8996
8808
3241
7113
3822
1281
11859
4848
1194
5630
5885
8781
1073
9845
5205
3909
4532
10894
11403
8289
1402
1981
9248
8103
10242
7204
6803
11813
2099
3010
8429
8800
7960
8483
10475
11221
11465
1444
8457
1448
3691
741
2797
1520
5252
6781
3930
5437
6886
8526
6634
5948
6939
1606
7926
4615
8824
11074
10629
1509
3502
5564
5989
2794
1456
11224
7231
756
11374
3733
11928
7504
4884
11149
372
8601
10237
10960
9844
10315
2648
11927
8712
7967
5353
6689
1823
11017
11003
1023
9372
11075
2072
5855
11709
3952
7337
2718
10096
143
3211
6359
6360
3804
9926
5524
8734
4339
10969
694
10854
11130
4176
3657
9994
10720
6044
2261
1014
940
1539
8581
8372
10022
11641
3918
11718
8626
4269
9702
5179
1049
5015
5317
2384
6514
186
10235
10602
8481
6258
8573
8076
11376
6635
3302
8699
3884
4961
4802
3630
2148
5785
8314
10275
6740
456
1097
3250
10204
473
2661
9537
9265
2294
8464
8960
3434
2738
6788
11467
7840
8633
10278
371
4467
10229
7674
11823
6836
7203
5813
5160
10295
4652
8784
6705
7625
10544
10373
4684
3628
9447
5530
3585
10593
8143
4588
8175
1262
6834
284
8752
933
9199
8415
7898
3749
9432
6002
5058
32
4633
2390
10736
1686
8602
2492
8929
3224
4055
9682
8589
4903
4697
4389
10523
11741
6341
7489
5033
3855
3385
6866
11987
9619
5497
11336
2646
3513
9218
10144
9711
3397
4475
6802
2433
9047
2620
2832
9527
5366
628
6244
9764
1607
9473
3166
10744
198
5461
7046
8251
5492
3448
8164
5969
9731
8352
2960
9985
3002
8292
3773
10621
1710
926
11061
5558
8275
2202
35
7060
3300
1743
7886
283
2403
9492
10335
3259
3133
11974
7298
2048
11135
11700
4748
937
8718
3733
11603
9205
9429
9319
2586
7075
4995
9757
2496
1942
208
4326
4125
9736
6834
2073
9368
3540
5555
674
4612
10115
5269
6352
7512
4943
11687
2919
579
1738
6280
1608
1795
5060
7985
8156
9500
6731
3901
9921
6333
2236
11388
1443
6858
6080
8467
3842
5701
3286
6434
3873
11664
11809
1778
6179
10261
11542
10261
9470
2453
3992
6003
3800
9115
6314
6849
10082
8848
10532
95
8157
11262
1203
1811
10449
6684
10601
8532
10185
8479
7679
8033
10600
3793
5706
6167
253
8497
9336
3438
7777
10455
5263
5998
10840
2002
7276
1205
1027
11583
621
3644
10597
6015
8011
3705
8668
684
4459
7328
9495
5198
8320
10478
3762
6651
7463
1162
5691
11627
10492
1527
11812
11405
7225
4537
7823
10590
8353
250
5809
7475
3270
9406
9370
6942
7522
11279
4837
3531
11137
258
10783
5583
2303
3538
5389
4928
7441
597
8035
2584
2646
3828
1568
11309
8834
8690
1266
6524
3585
9208
5351
4311
10785
411
8207
4579
8593
5489
5080
9427
7102
11968
10037
6912
5253
10144
7365
7056
2123
6300
358
5906
10695
896
10548
10808
2490
9959
10965
1794
7193
2335
926
10094
2432
2255
3051
9230
11362
5803
5893
5061
3481
1477
7569
10336
7370
887
1154
4907
4537
3978
1371
2801
5592
3800
232
7625
9210
10919
4841
6549
11117
6944
9381
6240
4353
8481
1656
3532
1543
4957
2119
9558
10723
10324
4378
4209
4473
3545
10542
8493
9669
10106
4524
5235
8138
4385
1575
2019
8793
6852
4806
1927
5565
10401
1363
7781
8484
4966
10196
6042
7722
2720
9936
9420
6269
1693
1501
10411
8043
11585
7351
11666
10883
1812
2116
993
3773
10534
7474
5231
4988
6384
3613
11880
2552
2149
10561
6561
2470
9315
10870
5797
5646
6656
8832
4485
1220
2561
2373
1668
10264
3674
10186
8812
7338
5769
398
9762
4374
430
250
2930
9667
7124
4714
9991
2443
6715
5924
1439
2590
5234
2507
7899
5516
11884
6587
8872
2006
8828
6176
1882
69
2199
6153
2560
2408
10073
1680
10200
5044
11821
6137
5671
5984
10297
5114
9309
11499
11721
6899
7483
5667
11932
8175
10083
10284
7840
11253
6930
11052
1453
4199
9451
6180
2772
7598
2471
5097
11134
1434
2012
3903
6272
8753
6335
10551
2381
5224
11164
2413
6894
9661
8175
3992
495
1778
6293
941
40
6136
8186
6445
1596
3194
7595
11154
2742
3831
2743
10462
3564
403
11029
887
440
9586
583
6601
11751
9724
4995
9865
2084
340
6603
3238
5283
5672
5260
8813
10843
11776
9299
8609
8751
3728
1680
420
8711
11861
10910
7022
9066
7705
1271
11538
8324
7471
10307
159
302
7409
7178
1051
272
7256
7670
7381
10308
11262
4070
10855
11207
6925
7002
5962
1879
5541
11543
2333
11040
10124
7538
11187
310
10934
6034
11793
10534
5073
2073
7210
10103
2052
6841
1236
9580
143
3282
6614
6627
10612
740
7938
11457
8530
2059
3593
3556
3902
6812
11206
9364
7213
4927
8668
7835
9273
9955
5784
10549
6368
575
7862
1015
10257
10696
6295
10285
8389
8559
4271
4726
7048
9798
10150
11041
10714
6209
2927
3098
962
1237
9355
5106
5614
811
6896
1921
1594
2088
627
9980
5120
1086
11521
3344
2311
6861
6251
8829
2255
5022
10739
1906
4766
8847
1084
11300
10754
4115
8391
2705
8111
6012
4148
8983
4427
7055
6445
5487
1570
7984
8216
10833
364
4900
5054
9468
2045
3682
11825
10835
5116
6803
4379
671
1436
8148
1133
7220
2062
2319
1084
6593
3334
10094
8044
3522
5105
9354
11444
5970
7770
4756
2013
8768
2886
9788
11960
476
9688
11564
11972
9112
4686
9837
3443
6117
7809
3189
1780
6201
6171
9184
11447
1134
11566
11534
9635
4571
8180
1933
6997
2217
773
7162
8847
1363
8706
3444
10536
11810
11719
3781
6431
10673
11247
4065
8995
2313
10318
2264
10895
1815
11705
5845
2924
9995
8044
3795
7688
5810
994
1249
11604
6370
3272
673
11703
11376
11552
7937
11045
9889
5724
320
5263
6743
10884
632
10822
3692
8688
9042
5024
10569
366
4164
10640
8264
4670
1085
194
10261
8433
2686
573
749
11176
9552
11513
5002
6346
7153
3885
11760
4257
10690
7396
5771
5713
2086
8359
1437
8541
8143
4687
3664
11919
11672
7059
7600
7361
6673
405
4804
2649
254
444
5747
11718
11920
7953
5143
7684
9256
6757
3726
5688
3748
6167
9446
9111
11577
10605
8868
4999
1715
8664
9765
8159
11521
10659
362
404
8215
7879
9687
7802
9294
6404
6706
4561
1842
7235
3660
11314
4126
6833
6988
4060
532
9866
3699
7948
9057
3037
1826
5292
1005
3296
4750
3907
5433
5597
2748
5815
80
6521
11033
3780
8169
10703
3815
1905
6393
8900
8646
6619
7815
1920
2275
1949
2076
5277
727
11817
2479
1535
6065
6362
8935
10772
8484
8979
11652
8377
4932
1690
8676
1632
4359
937
2970
10076
4987
7586
9734
7608
10675
4094
1992
8638
1486
2315
4238
8225
11997
9262
9998
1294
7634
11470
5672
8422
4572
9171
5887
5519
8198
11567
767
11947
5086
9819
11214
4158
9753
11188
185
9935
72
5833
8397
1573
2327
3357
3525
9113
256
11014
9163
744
10263
1798
9211
7015
7127
10240
9268
2226
5078
4772
10809
4673
2045
1895
539
8905
8144
9146
8306
6164
11178
3000
10286
11462
5945
8372
5915
5470
2550
215
9128
4471
11756
7059
6940
48
10525
882
11291
2053
10494
3786
7260
1545
9997
5290
10409
1009
6578
4850
3959
5079
1599
320
8881
10345
1564
2609
2682
1494
4231
5655
5840
5127
7370
11101
10220
38
2173
2717
3767
1574
11886
2591
1914
7861
5136
11514
806
9317
8752
11755
395
11756
10482
7550
10821
3745
2125
5124
9223
10591
7968
9994
245
4357
8210
4507
3956
5820
2270
3262
5775
49
6353
8029
6225
4520
7610
5189
3939
5249
11521
11481
5320
8357
7764
9965
6610
5830
10924
3635
10876
919
9761
5003
7486
712
2605
4212
7174
8834
10563
11920
7607
95
4792
158
2625
3077
11027
8788
2935
216
3790
10922
10971
9925
10445
1837
67
5581
3240
378
7751
11938
1952
1784
9100
4568
4507
4096
4593
2419
4113
10954
1718
11353
3030
3607
2856
7777
10966
10355
5541
2039
4400
6350
11192
3174
9842
10918
4774
7963
6982
963
2550
9938
3239
8011
4219
8044
8868
599
1199
6114
10060
5468
4680
9151
3965
5932
1288
4600
490
2244
823
10365
7014
10523
9507
8283
9852
5913
7525
6090
6321
6230
3393
10601
7682
8150
3769
5920
10031
9322
7823
8938
1377
4395
10125
4181
6700
10968
3244
1305
4663
10847
2867
3084
0
10784
6194
11690
8217
10971
6777
4395
4325
7101
5640
525
8719
6696
3668
7554
11116
630
5709
11694
11640
4467
4694
7160
10679
11190
8330
10475
10053
9319
1475
9754
1326
2174
360
9883
4784
7155
6098
8797
4601
6441
719
5784
2178
2403
9030
3801
406
6265
10094
253
779
1202
10995
8501
10826
11064
8751
11555
5247
1316
11868
8008
440
11536
7015
8194
766
4932
10617
7869
7926
7908
11948
7459
4286
1511
1354
8934
2737
944
4778
5858
11855
2881
1540
8978
7683
5406
2639
11896
365
11726
7380
2982
11161
4614
5144
10593
1002
11647
2471
5004
11886
7812
1355
4183
683
9983
4737
9553
1880
2970
11704
404
6806
11534
7705
5397
8541
8735
10383
2803
1573
8389
11164
1728
7558
168
8785
479
7224
2003
3258
5590
1513
1969
7513
5691
6435
4725
11062
514
9932
9832
7523
10743
5217
6912
3671
3265
7583
3627
9941
2574
586
6839
10885
2630
6848
7072
9102
8476
2312
11550
7484
7168
2925
7559
10353
5354
9040
3829
4200
11840
7696
8816
11177
7967
10084
5475
9380
8455
5017
76
7174
6542
3191
10030
8422
11830
11275
422
3457
3220
9563
5150
3010
4607
7957
3975
2995
3728
10445
7793
11214
6640
8077
2606
6469
3706
8567
2368
4477
9873
5215
1845
1167
118
748
11064
567
2634
997
8645
3486
1160
10947
477
6506
10270
9799
8687
6570
11095
56
3757
550
10028
2462
1894
11638
5425
11761
405
1267
1128
5846
11821
552
10840
4713
10926
10728
9944
1978
11596
10176
11345
369
2480
5896
5182
5634
91
4043
5002
2753
8733
11249
1039
6110
8981
7931
10706
1450
6046
658
5205
2017
4372
6835
7407
137
3211
3617
11662
869
9673
3930
7218
3937
874
1811
1198
2277
11368
9041
10814
9894
7833
9127
11555
10537
4384
3184
4550
11877
4379
11115
6121
5408
8705
718
5727
10192
9859
6964
5118
6896
11915
9655
9411
7215
6618
4035
10171
808
11336
5672
5245
9333
3502
9994
207
10901
8443
2387
7670
10496
9101
10603
3604
6408
3217
3423
9962
7668
11878
8205
2484
8749
3113
8822
3536
5490
7390
6955
4117
8210
4309
11354
2912
6430
7749
1840
5312
394
1924
5267
7776
9741
7497
7542
10756
11253
4853
9020
4565
9497
3079
10186
5195
6467
9912
10553
4980
9033
10078
4011
10390
4003
953
10637
1868
64
1372
2041
773
3625
5628
6854
1878
1785
4423
8757
6721
10161
5460
3743
9329
6256
10812
5860
5359
10325
1917
5683
6696
3360
2249
5147
5844
5889
4138
26
4152
9642
4197
9556
7014
5007
6992
1060
5571
4303
9283
2420
354
8471
7145
326
5424
2685
11683
3989
2185
6719
11802
7847
1996
8496
641
9254
6001
6379
9795
11811
3331
9112
4301
8123
881
142
9698
11258
5332
1233
2013
4006
889
776
627
3317
8445
1195
6297
9844
9395
11058
6406
1542
10346
9230
6634
3626
1224
8435
10770
8880
11039
7975
10247
8465
8575
2215
2276
3841
9813
6536
10059
9241
3608
8068
6596
1407
454
382
983
8896
5643
3643
850
1210
10155
8386
733
2407
3880
4104
3683
10555
2522
3299
10311
9484
9561
3369
1712
8816
8131
10961
8358
10047
2505
9863
64
10753
9021
8535
4524
1527
7935
563
7639
5307
6573
11078
52
4039
2508
4161
10782
5411
9186
6725
6717
10463
11486
11105
4051
3359
3166
3801
2318
1496
5958
11345
5728
1300
9267
150
3890
4721
4043
7572
759
1381
6282
11974
10792
11711
2992
10736
8796
11100
10131
2483
4861
2260
8104
3654
10004
2406
11851
9667
5802
3760
7395
5503
4316
6114
8911
7447
2965
8765
7928
981
2796
10145
7287
9558
7719
8809
722
4957
4794
5174
6701
4405
5551
9518
185
8380
5553
8216
8460
8232
10103
3054
6964
10266
9949
5694
4305
10871
4282
8949
10152
7548
7032
546
3709
11392
648
9367
3768
9589
7039
2913
4023
7932
226
3851
7442
3153
5557
10948
2911
1008
3927
3590
198
638
6495
7304
11489
610
5749
4267
3301
7355
10552
11852
5584
6376
7925
3515
11046
10661
10842
6148
7553
5129
5196
53
11439
743
4356
4236
2052
9102
8376
10528
5686
11839
6923
7296
4219
5111
381
11113
10404
7704
2352
2709
1647
9
8900
1926
5482
2114
11420
3083
10616
2695
2866
11295
9517
4204
1378
3767
9959
1973
6925
3917
11737
5437
7662
4432
11025
2580
3035
7980
8343
12000
2444
3232
9133
4659
7416
11269
10188
9432
7748
7120
8951
6978
5972
7320
11710
1263
5745
8849
7219
9204
10401
11655
10053
2488
5950
4212
11242
3505
8132
3163
10280
3637
7961
6067
6562
8810
2285
653
3621
8275
9421
2684
6252
11983
4807
7646
4660
9705
7874
2985
5236
7254
4970
5430
8392
3672
8198
2195
2059
4163
10394
9456
7069
4886
2260
4471
1539
9336
8769
3084
5759
2126
10502
2050
10717
2383
1452
9767
2539
5756
2090
5455
7517
1226
11112
3674
10241
8429
5336
6323
8564
3130
4570
9849
7677
6781
3030
9387
5546
10759
11059
3907
11263
6918
2380
9161
10579
7537
11012
4347
4963
11481
225
5880
9963
1625
1600
9509
9480
1096
11180
2247
778
8796
173
10232
10602
10008
5398
9513
11731
3508
1760
257
9649
2676
1631
10456
662
2494
5835
5423
5915
5156
226
9807
4166
4123
2489
11696
49
44
7773
5653
5709
1874
3203
11089
2287
8786
33
6381
11702
5188
367
3511
8452
8151
8863
4695
11917
4010
6755
11605
5657
2669
5762
3271
7702
8317
5087
589
624
1816
1755
9580
6388
8915
881
6201
6546
1761
6254
4429
3323
8831
2748
8736
11400
2460
6580
11782
11965
1558
9317
6269
1652
9895
824
4382
1421
3493
940
11080
10275
259
11710
6750
11911
10818
9381
8345
4972
5888
129
4077
1506
6166
5623
3135
11573
5718
8034
587
639
11340
9004
8766
6483
2087
11338
9890
1744
5388
7812
547
3137
8667
10521
2891
10488
10338
4556
5992
4363
1318
1589
9801
4002
1878
10046
1501
11582
6680
1080
11776
536
1295
5473
8611
8766
2269
1763
4760
3950
11953
2665
5809
10083
913
2729
9060
9481
6606
11675
7005
11135
11289
8529
5202
8195
6871
3881
664
10726
1372
3037
7628
2547
11121
9784
10691
9072
6612
2705
10753
475
10107
1640
3069
11386
11590
8889
965
6450
8632
6144
1340
8744
5003
5911
3090
6895
10528
7291
8939
7168
10735
10533
864
10408
11271
6628
11459
10844
8826
1513
5993
2203
9511
11040
10868
388
11141
4922
1298
11194
3823
9248
10747
10099
7526
1874
2548
11131
3972
1210
6576
3100
5253
368
6473
4240
4980
3561
2131
2315
3548
3892
3543
2757
7319
5301
4028
2173
3
8473
9049
10792
1493
6873
9465
4985
8665
6840
9016
3944
6330
2829
5213
911
598
5372
8529
3096
1269
11234
10897
1427
4729
2503
984
5795
3947
3985
10610
11228
9741
264
3832
9652
7373
3237
3923
6480
6855
3613
9354
5181
9996
73
2317
2354
261
1251
2021
10498
2958
2616
4102
7745
7014
8575
4982
7299
9829
7754
7856
4112
11182
4455
1217
549
1121
5627
7442
4368
8053
4493
9927
7286
886
9084
10643
10716
1191
451
1677
10983
9676
7240
6463
5379
10138
2501
10865
4873
7182
9348
1141
3132
5555
3990
3046
10670
843
121
5930
5564
3616
3375
5674
10095
5709
2697
6675
11984
2431
5011
5785
5648
11876
4416
8257
4901
10305
7454
9200
10033
10769
7572
9924
11000
10627
2962
10762
6654
10593
2324
10583
5527
11195
2855
181
10625
10221
9930
2080
7014
4757
10414
11021
2689
11844
11475
7523
4263
6581
9985
7363
3498
11657
270
8691
8508
1840
7965
5726
6641
6891
3097
5585
10681
10616
8342
4760
7873
490
2453
10156
10701
1309
450
6269
10948
11714
6991
7264
714
10277
3629
6117
1489
7980
4312
2911
3192
447
445
4553
3309
235
1287
6805
3828
2768
1153
4517
10605
7159
75
3279
6142
7237
5066
5451
450
4475
1016
3642
5720
9334
11519
3183
5016
2702
6568
11986
9006
8648
8065
9427
9921
3613
3459
3500
8576
11496
10628
11433
148
8704
11225
5357
9810
8328
5225
11344
9954
3987
309
1181
2877
7716
3975
11817
173
4381
1892
7188
4980
7728
11051
9427
1363
4008
2623
11011
744
4477
9231
429
4188
5700
428
7275
7714
8647
8756
6411
5489
5992
567
6964
4837
7790
11129
10382
9434
6923
10103
8627
4898
7194
7550
8853
2193
8920
7969
6461
2792
9116
2653
4454
5558
2077
2791
5345
2577
9177
9217
6621
5901
120
5654
3832
5219
7717
10515
2921
1937
8350
11964
5182
9962
910
9992
10550
9683
11870
5593
11460
1230
3426
2926
8544
10032
1391
1477
6758
3996
1448
7744
10274
7394
8912
1832
10585
5530
1837
9680
10738
10792
8561
8161
9464
457
10237
8437
2229
3854
8913
6233
9796
11041
1921
4517
2907
9118
6075
194
2028
9614
184
1910
9827
7074
9821
6995
1178
9082
8058
11794
6963
1357
10092
9289
7758
2423
10164
8935
5798
8531
6156
11993
143
11095
497
11445
2994
5855
7708
2666
448
1283
6929
1581
6715
5491
4227
2892
6926
5912
2236
8247
10133
6545
9880
4826
8972
1323
2451
2878
9679
11378
6260
10078
3755
2573
8322
7376
571
7599
4272
7120
8533
4243
688
11768
5180
184
5454
2366
5696
8696
11573
10261
763
1108
6021
7117
591
2707
7763
11361
135
6941
9959
5524
3164
10380
10722
736
1795
9823
8421
3764
11471
5275
3570
6485
9090
6222
5773
11578
6112
7671
6990
11491
8924
6933
7537
2352
3623
11885
805
532
7597
6698
8567
8926
3884
3563
7067
813
8291
6902
10734
11269
5576
5881
5413
1603
9766
7746
6421
7239
2750
552
2526
1635
808
9337
11132
553
10547
4591
4461
3951
11983
4093
3494
3170
3105
10734
3658
8866
1218
5915
5980
8247
9732
6446
11431
10711
805
8516
2608
844
6343
1448
1720
7035
8316
8355
4956
4544
10264
8654
6931
7943
7025
2584
4756
9165
9399
10478
9617
222
355
7432
10384
11735
7844
5409
8842
3959
7908
1449
7532
9899
4972
4781
6995
2286
9620
1039
11372
5942
4046
8662
1865
7955
7597
10686
8484
10572
5410
4783
11767
5394
6166
1306
9881
2669
2289
1426
8513
1929
1697
1167
7388
8151
272
205
8048
4840
4742
2748
706
8128
487
9636
7505
7912
29
4009
1440
1531
9562
11451
523
2174
4875
1473
7385
10375
10366
10548
5593
4479
5548
7536
3380
10820
10630
2524
9235
4610
10132
11438
21
4235
1450
7692
4813
10571
3443
10312
4526
1401
8752
11514
10782
2747
547
11737
1045
8037
3736
2373
3147
6602
2407
8209
8737
6829
5380
607
11960
4577
8234
10958
872
6126
3015
11712
10618
10876
2070
5531
11296
480
2055
7660
9801
11795
2154
6566
1511
3189
6887
7234
2798
5284
619
8173
717
2035
10008
5310
58
4398
8068
1346
2068
4372
11432
8012
9745
4315
574
4836
1469
4740
11417
1642
4091
11597
1654
10889
4194
11189
6567
10348
10359
9355
6752
2287
7628
5462
10348
4392
188
11006
799
8119
7436
3235
2064
7
10155
10277
10383
665
5442
11559
11358
10705
5302
10142
3064
2880
525
7697
8246
4996
8471
4347
1418
10831
6830
6524
3779
4432
1212
4218
2314
10560
2579
10650
1346
2885
5081
2403
3001
11770
3794
447
5670
2991
11108
8230
6534
11761
4223
4163
11557
686
4244
4351
2103
10040
5755
3261
5433
3749
8588
1343
2796
5023
6643
7199
3725
5269
10167
9945
10347
3259
9810
10785
11118
3974
1093
5578
7421
2587
8551
6304
748
10327
7889
10869
8985
9655
5914
9571
9383
4319
5751
4786
3295
11217
7075
2100
11615
5888
7597
6118
66
1642
10982
6544
8137
1863
7645
9928
10366
4046
6578
11581
10135
4383
2353
10672
1762
1463
5909
5436
848
2692
2506
649
7307
9501
5386
8184
6339
5243
1244
3463
5866
8869
9524
8023
2530
29
9831
1147
10362
11244
2447
9685
543
59
11963
653
11475
6843
7448
10154
7395
7912
2410
8344
3346
1179
5911
7870
6091
278
2796
8193
8828
3378
5889
10579
6175
418
10293
6341
835
11503
1628
10014
2763
9456
6053
3686
3331
7300
351
2571
9130
2434
9161
1190
10517
11793
7574
6154
6870
6046
8898
1553
1742
4133
9272
2354
8711
1973
7132
9949
8715
1154
4188
155
11998
2743
9613
3480
2532
10019
10570
311
7906
2041
11983
10030
7091
1410
10646
2584
10442
8375
5286
8178
8425
5673
3128
9010
250
2047
4793
10859
510
5331
1043
3365
5307
6328
913
2430
7094
8401
7190
10006
3517
10764
10014
1822
6083
5925
2509
2245
7280
3540
9928
11443
10047
148
9682
9456
9070
827
3954
10510
7381
4759
9233
7049
10068
19
4149
10482
11672
5608
4452
4522
8899
2797
3694
1258
1818
5344
6420
5734
10521
4929
11155
3822
6456
2368
1438
10578
10314
8748
6413
3993
1214
9551
2168
2240
7412
9201
5074
978
10385
5108
10756
11201
8326
3419
1148
11362
3515
11085
1264
2142
8906
4711
4802
4243
8501
5843
7698
4973
5689
8909
10971
10166
1700
3999
10904
2087
6682
7993
1638
1519
2643
4214
4675
11077
2617
4909
3577
9094
11854
264
328
1040
6740
10503
10344
6444
9356
1825
8062
3678
10172
6497
320
8747
6404
2371
394
3324
2878
5427
9624
7818
1968
2628
9972
9119
9326
5465
5642
3961
10549
8996
1053
7453
6834
1040
6030
2325
6846
1354
8953
11898
5696
9201
2938
431
7838
11698
759
10761
9108
2609
11284
8554
11818
1988
5604
11454
5946
3119
10849
3622
8933
677
9799
11840
8453
4843
11024
8310
4769
299
3118
7739
5864
10631
1961
9990
1540
9570
1541
4756
8036
889
2974
1229
4412
8407
6739
5599
8110
4663
1940
6487
3518
1291
9608
7079
8272
1883
2536
10693
5222
7402
4146
7939
3637
732
3081
8377
9148
8931
4970
7701
2331
1030
9799
11026
10555
2013
4763
3695
6785
1556
10281
9331
2582
9689
2964
8449
4319
8254
3969
10004
3924
3317
11979
4597
6041
3213
9430
5835
8468
5866
10226
9501
8121
5373
7236
4656
8461
5501
6299
4732
4476
8853
8238
5891
5734
6892
9556
4600
2928
7839
8041
8358
540
10663
5418
902
11858
7951
11463
4003
10557
2403
695
4054
3432
11009
1783
11226
7580
11669
3210
7783
6423
11113
8578
479
10492
4377
7037
7547
4687
6976
10935
11811
9
11052
9644
1869
4334
2417
3849
11016
7787
8298
6241
4733
11649
5941
6590
6082
3416
9961
5618
4232
2799
7322
10845
584
9857
11378
6790
9640
5385
8130
1427
11717
4861
9147
10722
8062
6871
6096
5357
11617
8932
9829
454
2861
7956
4261
8097
1674
7360
4013
5911
9010
1912
10815
10753
478
4887
5169
686
3548
11966
10558
1029
5082
10548
3694
5116
329
9733
11897
9742
255
5230
1592
4927
1200
8790
309
7669
9406
7505
8196
5758
10816
6403
4185
568
3820
8272
366
6849
5245
1472
1976
11122
5923
3763
9573
4201
11536
7737
2577
11629
5203
11464
9295
4505
2425
8291
9847
6235
4492
4477
11157
10118
9358
4445
5206
8501
1262
2906
1215
10413
7978
3000
1232
11092
11618
11772
10833
5775
9286
4961
6160
11406
7647
2034
7546
9553
607
1745
6222
3925
1814
2258
2360
252
7575
11942
3753
9086
11058
11466
4885
3288
11261
2644
7969
7468
8265
10727
740
4568
9662
10436
10348
11106
7805
6034
8649
1215
11695
43
3539
2704
2777
2006
1635
5738
6873
9728
9715
4574
2663
978
7763
2922
4844
7449
3293
2061
3038
5000
823
5755
1949
850
11947
1292
10025
1320
10398
11682
10989
11122
10827
11
5162
10887
7717
11480
5352
3769
7916
1318
3346
6401
2747
2058
3704
4354
1446
11100
11540
1501
10910
5470
8373
6244
9280
10954
10895
3593
6865
3442
5630
413
1203
9396
3982
5887
9787
11718
11039
4358
32
1157
3789
5192
3536
5501
2016
6153
8467
3362
159
11009
10171
10315
2818
6715
9606
4378
2343
2466
2201
3555
2078
10303
4048
151
7341
8652
2019
7042
10116
8317
1511
7807
10697
10889
11927
9876
2141
4429
7867
9320
11427
4486
9170
11874
570
108
3538
9053
1750
8539
3422
904
588
6567
8169
7960
7284
7300
1125
4407
10152
8195
5487
242
6397
1675
103
10392
10600
9518
9290
5268
4369
4411
8898
219
7043
727
2463
6541
1047
7479
4205
2463
4694
3830
11967
8520
1658
1247
6888
8137
2333
4468
9702
5089
7454
7966
3935
10602
1058
9445
4188
4470
9866
11100
10821
4433
5502
5021
6957
6373
2829
1085
7680
8556
9689
2012
4606
10186
6964
1040
1716
1943
10697
8739
10421
4004
6267
10970
3261
11168
308
3883
8483
7285
1001
4028
5922
4109
7808
8294
2203
2932
11453
3373
4224
3120
6104
9775
10187
5609
2212
7169
1178
5933
351
1933
11351
70
11678
271
9192
1616
9243
5100
237
2312
6427
6159
2743
11870
133
395
4414
7345
3146
3640
252
6966
10193
10976
2902
10371
7780
3897
11553
4622
4721
3503
11561
3174
8578
10403
10399
3107
10842
5903
4325
6522
10711
7266
10432
2877
11706
428
2242
10360
7115
4546
2014
2040
1407
6113
5218
8616
11265
4088
2362
9947
3765
11625
8397
6401
4513
4418
6405
6191
5150
10593
92
396
1692
10255
778
3343
6526
10441
9206
8240
9645
3183
2382
2688
6880
8777
9034
9698
4341
1024
1927
7273
9213
6394
3399
1416
7286
466
7883
7571
11260
8913
31
10066
8846
8492
5263
2045
6108
8128
11102
7652
5209
11152
6649
9913
8906
9100
7851
11806
10618
7234
3899
412
8795
4031
11227
8854
5566
9368
3943
1867
286
995
11448
442
626
2123
11098
8831
11208
2534
423
9544
2574
5635
1317
4639
11420
201
7943
4610
8487
315
8811
11633
9472
6078
11565
3702
492
11189
4428
374
11357
1313
1125
11361
831
5405
4268
8137
10548
8749
1783
8041
9904
3473
9896
3974
1479
7646
6523
10894
987
3761
8614
666
11664
11595
53
11694
4281
6811
1208
4829
6581
9629
6999
8711
3951
9023
3580
11498
4553
1603
4325
4328
10865
6238
7686
472
9747
1879
8912
11189
4655
2781
10225
2725
10485
8362
6198
4686
5826
512
4472
8165
5039
8941
815
2577
1532
5418
1698
5055
8084
4378
5146
11536
3734
8303
7586
389
5965
5692
704
3417
5381
7129
2068
5511
11969
3081
6290
3055
11312
9537
10018
10279
3758
2437
5810
377
11525
5110
5190
8074
8159
493
7713
2630
7502
7926
4870
4953
1441
656
6940
5522
1264
8923
7618
9230
4302
6569
7327
1078
3813
4668
5549
792
9696
5441
1368
10993
2639
8025
5572
2452
8689
4213
11281
5295
10979
9314
8995
6620
10526
4585
10268
1111
469
3475
9942
5599
4057
9962
1924
3320
1901
9808
3969
4813
2716
4363
10696
3911
1708
1813
1347
9233
6210
2344
3309
7825
8901
3703
6382
335
3094
7973
4117
8087
10083
1109
11241
7863
9416
11911
10243
4023
1253
546
7670
11693
9577
2648
11486
3361
36
11181
11054
113
4612
6934
2884
5
5034
1434
10217
9802
4028
9451
862
6286
3965
5990
11398
11803
4405
783
4895
5490
3252
9740
11827
2795
902
9725
5588
5449
6754
6208
5304
3960
8867
2969
11130
5002
6283
7020
5238
8734
3692
6233
6997
117
1608
9947
1517
7748
2126
11862
6873
3472
10598
8080
10691
6253
7169
8957
7678
6294
9179
5676
9831
320
9762
7078
632
6251
7791
9226
3534
1122
3419
11570
1292
197
5992
1295
8469
7591
6986
7544
4463
11558
1905
3673
6885
10733
9684
588
920
9167
8167
3391
7524
7932
7630
9226
3856
9340
5050
10142
7334
8500
3987
3188
11975
7986
4438
661
10428
2793
3925
538
7161
4558
5319
611
11694
2194
2566
11697
3641
10628
8470
5509
11482
8237
3079
1417
559
10897
9006
9257
10800
193
9100
6753
4887
3425
8467
3811
11423
9404
10652
68
6592
8891
7112
8549
354
3652
9728
1141
6995
1659
88
10859
9048
3891
2723
9393
216
6478
4160
2531
4820
6597
7871
2304
2660
7574
650
11469
10876
8065
867
9070
431
3971
7292
7272
2356
9941
8851
7512
11630
7807
2631
6265
4858
8278
3911
7330
7432
1454
5679
8476
8807
7424
8299
1716
2881
4247
4470
2141
143
7028
10502
386
7319
6597
6211
10281
2728
9472
2371
74
7361
312
4667
877
6880
2019
6461
3542
2358
896
11499
1219
9479
2976
1753
9140
7258
8649
1172
3948
10066
163
6943
3974
777
2335
6164
11356
2333
9000
7461
8729
3832
2253
2082
3488
3456
486
3387
9179
8119
2464
5428
2589
10666
4400
2449
8456
5788
7014
5623
1439
5503
11973
1265
5100
2132
11909
4001
6136
9163
1379
1002
4949
4190
5678
3436
2861
3352
4314
10631
9921
5220
4290
11260
9180
2093
2951
5934
1722
11933
7239
1161
1422
10882
1599
7460
1536
8427
4581
10730
4694
8626
8333
11575
1738
5748
11744
2313
11056
6793
908
3793
684
4973
3868
5866
6434
3181
2256
10563
2624
4773
8524
9459
5789
10738
9842
4669
3766
7343
6549
2120
11107
8847
6206
10430
575
3652
1850
685
1747
3508
4963
1862
11319
5911
11941
3316
9708
1830
5572
5981
8921
6191
10007
7374
11332
9258
9166
10411
2177
7119
8321
4312
6032
4957
10733
9477
1365
9558
7783
11261
7557
9778
5966
9947
3301
1204
9383
9971
353
4222
6051
604
1900
5029
10400
2803
576
8823
8713
815
9268
9466
7113
2417
4283
6384
8799
6259
3388
1287
4841
2841
4370
472
2717
1004
9446
1082
3093
6596
8790
3607
4001
4102
8822
4259
10627
5545
7603
3553
6315
1852
8837
9484
4226
8130
7402
7150
1199
3937
9249
7504
11983
4680
2664
95
4836
8574
590
10251
876
5465
8576
100
3145
870
371
11153
7460
1146
6869
11848
3507
3561
4190
10586
5440
10327
7234
7161
402
10270
7823
3381
2953
9836
9835
8828
1272
6502
7309
8307
1332
2460
5484
11474
9887
10522
7105
6448
2157
11765
9033
3930
11535
9281
9339
6410
397
676
4500
501
7312
3589
8211
1264
431
1525
7512
3571
3821
7681
4597
5159
10743
4187
9581
2947
11571
7359
10904
518
97
4018
3783
389
369
3884
7196
1740
4990
2244
6376
2726
3027
9789
4684
343
5156
6485
3894
1989
9634
9770
3585
3447
2956
10073
10292
11984
5741
10857
7417
8538
1419
3846
1657
5727
6719
9004
6776
425
10747
5096
3059
9156
3605
2298
4636
11323
71
7321
5065
9553
2728
3933
2225
11957
2277
9472
2483
82
8410
11146
11518
4654
6654
10362
6868
4892
5040
9267
7397
8294
9218
905
7352
4165
9826
9066
11530
81
5460
1866
1324
5580
6502
10565
10998
2038
1351
5777
3532
7571
5312
5488
5747
11150
1367
8707
5128
10834
9548
1519
1878
3072
7365
8557
1225
9482
7946
6539
10847
2349
5078
5538
4503
4282
7241
10026
9610
11027
2052
7519
1402
11397
2171
1763
11766
10616
3792
9912
2473
7037
11231
11064
6736
3306
9946
6754
5404
3473
9471
8647
7039
1370
7295
8688
4298
10806
638
8366
2691
8657
11368
10475
1719
1922
5960
941
8802
5117
7468
9743
7088
1067
1860
2885
11390
8277
4902
1624
7933
11445
9907
2775
3474
573
1226
8966
11588
4274
5297
10062
6496
6483
4289
6773
5842
2719
9162
6571
11104
6361
10875
10567
2128
9118
1000
11883
2355
916
11745
1322
3753
6931
10528
8753
9390
3236
11879
10667
8760
7831
7247
5744
2603
2297
9695
8997
3939
9356
1033
1255
4382
4867
2071
10200
5546
7545
2026
100
2446
1729
941
5639
1278
7986
7139
8827
1838
7159
2274
3093
11039
5685
3458
10927
2611
11547
7239
5295
7060
3198
5864
10133
5267
2129
6335
5765
915
7420
5129
4958
4973
5710
8303
10604
7966
8480
5832
649
10636
2325
6598
1904
10803
7152
348
11742
7844
5751
7235
1479
10216
4194
4240
11362
3753
9791
4791
551
3253
62
5330
2478
6945
6259
371
4091
6895
8392
5752
5251
2317
7578
2330
9478
8914
5695
3294
9663
8043
9921
1549
6139
6447
6674
1307
5592
4648
3808
56
1861
7847
1591
7492
1521
9263
10101
6804
427
8338
11100
8859
6028
7078
2280
1382
2259
1039
972
9149
9244
7070
10975
1479
6739
3898
2139
2028
4457
24
1621
872
9875
2075
4464
8334
9016
7924
7205
3763
5995
8333
11676
8686
10716
8729
4988
235
5124
2978
11877
1748
8844
3607
1161
6647
8728
9899
5055
1448
10046
4668
10318
9745
9499
4236
4020
5438
10184
220
3699
4302
11837
10263
178
6104
8375
5641
11117
5076
725
6983
8579
10425
6358
10856
471
882
5647
6027
9647
1955
9383
10525
1805
1575
1224
9368
4023
9264
11777
5937
9794
7748
1264
1425
3946
4085
1370
2699
5606
11934
9858
1084
3573
3518
7951
7234
10060
11110
228
10194
9689
9543
7917
4152
10978
1303
10985
10077
1206
10160
4304
7549
6693
95
8460
4610
890
5458
4350
6248
2595
1816
6805
3416
1717
889
3783
10075
4660
1237
4506
9711
9303
9069
5994
11172
8882
8541
7006
8356
8814
8377
11263
1424
517
5386
85
671
3787
1676
10228
10043
4083
10849
5700
3541
1275
9429
6747
8331
9
9041
6922
5367
743
2520
2337
11709
6888
9209
11667
6415
11143
11075
9369
4023
7219
8102
11886
10102
3572
575
7162
8198
9601
11407
5881
2771
9964
9572
10190
6269
3257
10052
2425
10504
5198
2274
535
2852
7855
2174
351
501
5087
8340
7788
1093
4502
10547
295
9607
11632
9141
10536
11135
4878
256
244
9495
3992
4808
8651
10169
2389
443
1585
5086
8577
3359
6515
4098
8300
4886
7308
1725
8682
193
10365
7873
6739
9236
9042
7681
9096
7259
1939
4535
1512
5691
10600
1500
10106
2193
9591
6026
6644
10921
6692
779
8305
6718
5023
5798
3568
2014
6499
11885
643
2604
4854
289
10889
10282
2755
3180
7133
8491
3150
7287
7636
1665
6028
11300
10629
7861
116
247
5931
3599
2863
1023
3115
9466
11111
4612
7996
5083
11462
2287
6917
8500
3153
5155
5415
11780
3567
6895
2242
3826
9112
431
1583
4933
4236
10454
7509
1537
720
3354
5247
11903
149
104
9846
10156
4609
5955
6082
7112
10160
3578
10213
11779
528
1371
6205
1198
2724
6129
6545
4447
7915
3120
4560
7185
7912
895
5359
10047
2002
4678
2098
7440
6642
9234
11227
5041
11616
5447
2657
245
10844
6558
6556
10324
9848
4126
11484
3762
7187
4265
9081
3489
3779
7555
312
6186
4077
1255
9500
3829
406
10060
2913
9898
4573
1615
2677
11333
8967
9362
4047
8400
6900
10017
4825
8
2813
8091
7739
1839
5237
3351
95
806
7032
944
1790
3907
2450
182
3004
449
948
10553
6463
7923
1427
4528
6096
9465
11725
10079
2246
2891
4711
11548
5296
7716
10188
5622
2632
1330
7087
1663
10341
6729
3089
2449
820
7670
4793
8673
10738
3109
10948
2116
2280
3015
41
2392
2657
8355
7656
527
10081
1076
6511
1378
5186
7345
9028
7960
919
5053
4477
6286
9360
825
8438
7131
4772
10276
1271
7393
10405
2158
753
8322
8076
8408
7717
10850
600
5664
2712
3640
3378
11989
8237
7193
7196
6825
4912
9429
7371
1127
5291
685
10787
1668
9613
4904
4225
9148
5809
5001
2588
3608
11485
10046
2156
2956
315
9834
10026
11064
9508
8801
10138
8972
389
9958
7054
6126
9176
2633
8686
2369
11153
11283
635
7590
1180
2483
3638
4464
10447
3472
11796
640
1747
10172
2844
8028
9376
11648
8685
491
2804
7292
10696
1324
7883
6740
8057
6270
7137
8660
6413
4666
10035
9029
594
449
2717
335
7017
297
2689
2426
6500
8122
9379
5288
6893
11385
8210
34
6776
5416
9990
6748
8892
928
905
4538
2615
9346
1327
2277
4866
8376
7868
5979
2320
390
6793
8622
6580
8750
9871
6448
2184
4114
4167
8392
2907
2071
5014
4254
6736
1099
558
601
10243
3889
773
5106
4792
9517
9727
8132
2044
6705
3140
10867
727
3607
1945
6157
10431
9091
2502
11413
11382
6386
7587
2582
11761
8303
6971
8156
2031
1854
6590
530
3105
11173
8786
4772
1853
11035
6988
7949
7549
1095
505
11677
6285
7102
10667
10350
1221
5892
4633
5810
8721
7925
11531
5760
10011
6349
11358
6256
2956
3312
6234
11915
2845
4242
10077
9268
4803
1251
673
6735
3501
7619
3389
9222
307
446
10384
6157
5825
6165
3202
11068
6971
11451
8035
6334
322
425
11649
2805
5419
11682
2186
275
3007
7693
4480
3549
5933
10631
2479
5971
4461
6355
9595
5714
1248
8550
1432
10033
12000
11501
4395
4879
4078
6923
10014
9910
880
9576
6626
1872
10742
4008
7171
4733
1480
10892
4373
8626
11358
7758
2470
3816
345
1782
9905
8342
1993
5414
6044
4872
8057
1199
9001
3522
5216
57
2991
4997
1811
9559
476
408
447
11440
8421
2451
5667
612
11543
9379
4567
1355
6309
10304
10344
2164
1690
11843
6153
10896
10326
9971
1531
2416
2763
3188
11823
7836
7826
3706
8599
9740
5907
8330
10057
1485
7161
4089
4651
8671
9034
5389
8961
1291
3485
5545
7839
1936
5516
8077
7355
10474
5236
9963
4850
7290
9743
8305
1646
9014
2446
1446
4503
970
2240
11586
1879
3281
1081
8247
4367
6564
4006
4759
9397
6592
10549
8922
4323
3091
744
10602
7539
10004
6570
6778
11997
1085
4666
2856
7790
5641
2580
11627
11980
2481
4530
10235
4806
7846
5826
6919
5767
7108
1593
8940
8731
8454
9338
7294
4317
3568
8143
10249
2247
9485
5939
2587
2180
5325
8284
8715
8751
3565
1484
7352
1094
3766
3659
11524
5104
3348
7469
5941
9986
1068
5754
553
3364
8254
8209
6191
11289
636
7486
5694
4920
3819
8750
9753
6507
3930
5727
2959
1465
7948
8675
10127
4944
5469
5446
1952
8211
1364
1993
440
2513
4806
11129
6217
9779
2566
10271
15
567
9285
2164
1033
2186
10575
3184
3778
9643
4358
11862
6202
5350
9774
7658
1552
10073
3268
753
6357
7521
6142
1775
1282
361
2905
9896
6368
10088
7166
8612
5240
3267
11608
2790
6359
8159
4745
4182
11257
10485
5731
7642
5910
9349
11366
662
6025
5891
10769
10594
5978
4185
10863
9065
4523
6231
1815
1627
4087
8575
48
8531
609
1200
5189
1799
5330
1725
512
4421
8819
1829
5985
11471
2733
5972
6892
8366
8435
1094
1384
2229
3538
5904
8903
4462
11860
1677
2488
6145
924
7238
11437
4769
2336
4798
6493
11059
9750
10843
4012
295
5085
1037
11996
9551
11829
4340
1881
629
6869
7080
9227
283
7314
4713
8092
10401
6071
3285
11
7373
11722
8332
792
9740
10305
2027
9251
6474
9139
7828
5088
8900
5613
11705
4720
9243
7178
10228
11736
10225
8306
362
4988
8843
6212
5784
11982
1628
1479
1829
10246
8194
10436
7912
832
756
5264
6308
5842
7592
7307
11654
8060
4004
4846
329
3334
11417
921
9106
3236
9568
3317
7998
2836
8567
7844
11216
4100
10688
1390
447
3463
4307
10967
4375
534
2267
9033
11434
11688
4206
1934
1241
5482
11042
5065
7980
367
9815
5675
186
7063
6447
3767
3995
2290
4786
7596
6823
7218
8393
6545
7805
8987
9083
6979
10008
11154
3085
3695
9487
8632
5963
3135
11751
2906
1081
2335
961
7840
5398
11856
9461
5298
10754
11512
740
5119
6614
8708
11935
1608
3316
2568
10266
6818
9417
10726
5520
3232
8614
9802
11758
11335
10970
7043
5876
10645
3816
11455
486
10399
11709
4010
9750
1946
4213
2093
11408
11217
9051
9347
184
2311
263
10421
7058
2283
8584
10874
5599
2611
81
11567
661
4651
1395
8375
139
2527
7537
9907
11343
5457
3223
4131
11739
437
9117
7449
3383
5498
2088
4678
3303
7391
9757
7845
442
7666
99
5328
7444
9443
4775
5070
4658
4025
2080
4015
2179
9669
6116
4807
1556
10327
10706
9992
2027
8148
4050
9601
10680
7780
6814
3944
1913
9201
514
9818
881
2844
4569
1056
2313
4199
1261
1454
8171
10870
10138
11582
11049
1227
987
6852
5066
360
3567
8459
4167
7903
10623
5362
9358
5671
6520
2533
11322
8644
10933
7995
11207
6925
1545
4909
2065
4690
7626
9125
8498
6959
11563
7003
8506
8168
6129
7273
11389
6082
3219
3826
10711
4496
3202
2030
11940
10457
805
5060
2309
8436
11564
9164
1784
8886
8387
5452
8703
6069
4700
6948
3740
11813
835
9096
1307
10020
8039
5776
2286
9330
7428
1133
2247
2195
1641
4091
8829
7988
2683
3434
4931
9364
10597
4693
8690
9207
6108
5781
10916
7848
6291
4453
7712
11082
3528
11133
6500
4645
719
5501
3433
10387
1672
4492
5451
9259
11011
2916
8731
8565
2686
5937
11301
9553
6342
2979
6868
4511
240
11354
7622
7909
414
9029
7861
7939
5910
11423
3715
8995
11655
10967
7089
2122
9498
6410
10123
9444
325
5460
10066
3825
7971
9297
1391
6722
2705
4898
2305
11200
682
8809
10516
11512
1521
8122
10187
5461
7551
10882
10464
2874
10796
5016
5760
7128
1870
4114
9231
8519
4282
5964
11392
10632
422
9761
7822
3451
3674
6251
7197
8086
4558
7794
1602
7313
9734
2440
3159
4016
4930
1606
4423
7702
2534
773
4872
9852
1538
6878
5957
11779
11985
8651
818
9959
5765
5170
3654
3439
10795
3220
6115
2036
6075
1787
1749
6371
9069
6148
8633
1655
2040
6452
4737
273
689
588
2435
11737
10379
10341
11740
4551
2673
5425
8429
8776
9662
35
9185
10768
11652
810
9177
606
9373
3923
10225
161
4674
2066
3772
9493
11992
1601
303
9520
6486
5986
7715
5358
11761
9836
11313
7711
8460
4576
5694
8942
8821
1608
9739
8161
7353
302
211
11677
8386
1814
7241
5588
3058
7875
1961
10098
1619
10146
1070
275
1533
6615
2898
11560
11895
4715
2751
4192
55
2471
11894
3080
5104
6960
8459
10250
7005
1703
7929
10086
5693
11380
7499
4993
7317
1305
4728
2875
7088
6652
8328
33
3805
8201
3760
11590
194
5669
4518
500
3501
6260
11532
9478
2631
5049
10105
11831
1197
9193
89
3274
10377
1666
8729
9171
3369
4348
4658
4461
495
4742
0
709
6627
3490
3334
2236
8626
9056
5498
7222
3897
11571
6755
1964
7884
5802
7840
11132
10482
3572
8667
3916
2878
2671
3235
3379
9182
2445
3315
4102
11485
3664
2940
7407
4647
6202
2581
5970
6067
10221
2049
10539
8138
7209
774
10799
8812
184
9030
69
4852
1716
6022
5559
10852
172
4439
4351
7004
10692
8159
6043
11841
9870
222
6173
10823
3980
8052
71
11662
7825
2041
6735
2635
6860
8277
10562
4939
7275
4031
5512
6223
11023
67
9256
8019
1544
4420
303
10598
11037
8460
2918
7100
1582
9435
6763
4399
10337
8562
4778
7175
11169
7902
3716
10058
11787
8849
3035
4468
4340
9986
1544
1915
10858
435
5207
8028
8591
6462
1953
3467
479
2223
132
11160
4381
7971
4404
1891
11605
2853
6413
8351
2511
2655
1514
5052
524
11390
7095
386
3909
9614
4725
5133
9007
11649
5395
5305
5362
592
528
87
6272
2101
7253
11875
1763
5327
4553
11063
886
6270
3524
7263
10402
10968
11804
980
5590
1535
3594
9574
1847
1008
4350
10444
5126
5284
7219
2913
8984
2128
777
2139
8114
8314
8391
11672
4730
10390
2662
11906
3002
416
8024
1675
5997
7193
8410
7648
1168
69
3251
6902
429
2425
3716
260
5191
3145
8135
7405
3478
9217
8981
5734
7357
8565
7592
11149
4352
1732
2936
622
6443
5834
1321
3395
6392
6408
822
4033
9825
4348
9535
6346
10418
77
4380
2320
2941
7425
11291
2680
8591
11382
11967
11650
3198
4964
5222
7682
11348
8907
4098
606
6315
1663
1460
1628
939
2465
2710
10019
8192
4711
8554
1088
8131
6930
5420
6167
336
5880
10163
10839
7613
1060
7117
2558
7886
7941
1352
9036
2656
4739
150
4423
2288
4316
1260
1333
573
5029
3425
5123
3679
3906
9942
2621
3522
4489
5700
2631
7000
3994
193
40
10207
153
11386
7256
4913
9162
2150
1958
3013
4615
8133
2786
11554
5139
5445
4581
6139
7620
2521
6230
6165
3502
6742
10856
3252
7599
9131
2309
6671
145
5427
11355
10228
5564
1304
11895
6219
5454
5261
7799
1522
783
2890
4544
761
7087
10789
6908
3712
6658
11263
4317
2700
5310
10301
11227
761
232
8929
9044
10653
11780
146
620
6552
9742
11999
6214
4390
1716
196
9104
3231
7640
10829
11657
981
4385
1242
8669
10924
11508
9138
190
7205
3799
4143
10795
5350
6283
10883
8407
6264
8571
1511
7301
2898
224
11195
8768
11856
4843
7725
11227
11707
2025
2680
9177
9641
1202
6081
5397
6286
9517
11367
7212
5168
5516
8873
5357
2243
7362
11608
7178
4284
4597
9192
2337
10653
10183
4238
11158
7089
8638
2250
10934
2607
10518
5266
6230
3484
9315
5033
5157
5514
6064
7419
9030
9349
3501
6048
9550
11676
7587
3818
3824
5405
9502
8008
3006
6694
3961
10098
9263
3808
5734
5209
4005
8257
7724
253
7996
2514
777
4418
900
8856
7598
10520
4312
10471
2711
9073
5953
6957
5377
8578
9983
5680
6667
9568
10774
2213
5625
4384
1469
3171
2512
1446
7849
1222
9574
5921
2688
4946
7589
8289
5822
11407
7682
2165
6472
2928
429
5085
5198
3551
4246
2570
2938
4973
6377
897
150
6547
2497
9357
1904
8980
1016
2611
3096
8883
1611
5921
11536
9156
8361
4560
7713
4443
38
11634
10404
1479
5690
7840
1070
7149
2592
4355
1109
6408
5987
4087
6549
5991
7708
6939
8660
9875
7875
5538
10214
3007
2290
1037
9763
2626
9988
2150
10321
3741
6588
6494
10210
948
1695
5598
619
741
10498
7633
10522
6818
1096
6919
1139
5633
5732
10726
11031
538
10216
1636
1108
8330
9267
3950
6569
1902
311
11119
5699
8905
497
2121
7931
10924
7229
8013
9259
6695
9515
1504
10292
2191
11709
4511
8701
2172
8935
9000
11739
5890
2586
1274
5729
10120
8689
999
8109
11533
11792
1798
9571
1683
216
6208
1280
9458
9080
17
6877
7829
11463
5736
1108
8128
3404
7949
482
7744
9115
6741
4167
289
4870
1171
5677
8758
11494
940
7475
10026
8173
10938
3673
7306
10527
2274
10370
7766
5457
6709
10937
3481
218
1016
8713
11282
3509
7923
6054
4745
4047
10637
590
9733
11206
2776
10807
5314
8700
2712
1675
10795
2151
10832
1122
2794
2582
8181
11441
9925
4409
5239
10587
8592
8514
6223
6378
7813
4259
1370
165
11660
3023
5097
3403
1054
1905
9662
6834
2116
1695
2196
11619
6109
8047
9464
6766
8298
4951
5637
5600
11576
1239
7697
11764
7772
5721
2680
8390
8837
971
9105
8600
7878
11401
3264
3353
2123
6370
3906
1943
6325
11539
1975
9088
10043
9464
9639
4536
1407
5661
4721
6543
1616
6926
2997
1297
8379
4653
5423
10526
872
9210
457
1028
5528
6137
5025
4767
9044
1009
9484
4389
513
7246
102
2727
8424
1968
7123
7808
2490
1239
3381
7289
2908
7542
9769
10018
590
3354
5459
5538
5293
954
910
2868
4293
10340
6021
5788
4356
2162
2648
3102
233
5085
5854
7018
7781
2749
3776
4754
7004
759
9957
9908
7969
10670
238
10861
4480
1889
11030
1635
8775
11771
10740
6137
9239
2808
9663
5599
2232
6010
5322
11298
6598
2870
10500
2261
3299
3286
11696
2699
4828
8880
8681
10256
1675
10818
7120
11972
89
10145
7869
7957
4744
10973
10644
3306
3639
10575
6140
2658
679
3495
1481
5078
9849
1252
9058
5558
9762
9023
343
3477
2585
11891
202
9701
10963
5844
5499
8812
4505
10611
6470
11060
1830
2797
6386
158
8797
446
2433
7928
8734
10243
543
9040
7933
4014
1061
791
11504
10029
2691
5786
966
2756
9089
5856
1521
4370
1721
11264
7930
8185
8345
2395
11313
10567
4429
7646
2870
1552
7327
1102
4667
3476
7754
4880
4077
9364
6315
3601
11360
2672
8354
10541
11054
9155
10342
10307
5500
200
5279
1738
8760
10958
11287
8793
1568
3860
2572
739
10697
2883
7418
9845
5178
5935
9573
10998
7365
4224
11664
9374
10615
2285
3725
5235
1645
4524
2908
9348
200
9739
3696
4276
3654
2010
5627
5935
11526
8681
7590
289
4617
9836
6132
10
5597
4792
10060
9104
304
9531
4746
4212
3951
10834
3115
11289
5580
2105
2194
11706
5780
4407
416
659
4616
10203
9507
2843
3109
4621
7864
1878
300
7753
5732
8882
7082
5574
10266
5824
5407
8520
10766
2924
1398
11582
10889
2409
1063
7983
11574
3274
5949
2065
7691
5510
11062
3972
11128
9358
4691
5036
9024
3676
11567
473
4330
5397
10821
5077
2612
1305
10763
10024
241
6001
5284
2762
10601
5946
11986
1130
8899
844
3671
5426
6463
400
8893
4122
10021
6614
5540
8207
583
1298
8211
3868
7900
5382
3228
3286
4286
8822
6609
6767
3781
7596
2181
10249
5131
3244
7254
452
8019
834
7861
3476
5256
2957
8580
7617
1306
4527
9271
11510
9575
9660
8830
6383
9289
9779
4144
6292
9620
5379
911
8651
1833
6504
5857
7213
11825
1000
7111
2826
3282
3019
11087
11890
6059
6966
2226
10373
10957
6271
6292
4585
1189
3828
8646
4589
6229
5877
10038
8209
5480
5320
1932
7057
9456
8148
7225
4805
627
9620
461
8148
1056
1261
6265
8451
9217
9479
7648
9054
2052
11759
9258
1504
10411
6884
6327
5718
10350
7546
200
95
1659
4930
3810
2129
8074
5552
11290
1810
3220
570
9196
11372
6236
1241
6363
3471
9310
4917
7447
5863
52
123
7515
3938
653
772
9816
9207
11189
2462
5949
5868
4252
2044
11129
9079
241
11329
5102
9328
9160
10738
11514
9556
11754
5190
7096
5203
6049
6180
11085
4336
5050
11199
8551
3326
1397
8160
9151
3245
3201
10342
2822
1223
4054
6651
6494
7464
7406
8651
703
6427
9011
9783
250
11904
3093
11619
629
264
6157
8745
11955
8135
3035
1997
10448
10042
8829
9289
294
311
3777
170
9785
3552
3938
6497
5110
1494
10668
1243
9076
6827
4487
10495
8199
4806
1802
6044
4274
9051
4256
5780
7463
10837
4160
6195
1326
1560
9473
5835
11953
3722
2250
2433
11422
8860
1248
7694
4349
11319
2543
6353
5091
8556
9587
2148
4434
3889
4001
2727
8188
156
2757
6245
10094
732
11995
8608
9799
5632
6832
3761
3400
1170
7907
8349
3138
3684
9182
6326
8329
7316
5724
2734
3464
6624
6725
6860
9640
1050
5898
5398
10076
11793
10743
7996
1490
4616
7793
2676
2417
6444
3023
11173
5308
9270
5003
4091
3360
4014
9178
11051
7485
3394
10843
1631
5696
8689
1879
6939
10429
10507
8298
6989
4886
203
9856
9895
9527
2580
9754
2939
120
9792
7415
3175
11565
1101
6771
8032
8736
1205
2307
8708
9148
9278
1228
754
10027
5724
10718
7248
8669
9835
115
4363
1511
3085
7187
2910
8381
1806
3283
523
5686
3244
259
9728
6100
4749
4436
2959
329
6898
3652
4922
11113
9803
4676
1261
384
5688
11739
4555
1810
4015
4886
4045
6490
6004
7161
225
1610
5358
6252
5616
6180
3314
7338
2496
4711
849
3223
3317
823
4938
3699
7714
2218
7211
4204
3739
10333
10191
10412
7894
2203
8476
10281
6954
10700
3815
10422
10347
227
7978
5265
8949
2402
9628
9589
716
3886
3132
1372
5432
2719
2293
4722
2098
1918
6441
7814
7186
10021
6162
10306
1910
11430
11133
8611
8131
3063
5078
3720
1201
3772
6874
2913
6277
5339
10087
11750
40
4628
9963
8149
741
7533
10972
171
11694
6856
3422
1257
10987
135
8522
11234
9230
9621
9435
4347
11470
11243
3476
802
11251
8384
3520
8047
1864
11612
1042
5991
398
3280
6884
4856
4030
7999
8937
5061
7327
439
367
11792
7899
845
9844
10387
11801
7785
2408
627
11450
1340
235
2294
11590
5881
8443
5025
2956
5925
10461
10557
850
9348
8163
4845
655
9263
30
5349
10642
1413
66
6947
4028
7753
5026
6467
7258
7132
9696
771
1864
8600
5542
6589
11057
9831
1015
9988
5266
2517
4089
3395
9446
6324
5331
8528
4777
5088
4887
6335
8698
7437
3177
287
5815
10844
6961
6831
8277
9395
9602
787
11553
7101
6958
11734
8338
626
255
10110
5451
5610
10628
2802
8073
11516
2726
9391
594
5050
6853
36
3581
1654
8521
4167
10008
4437
5196
1621
8928
6158
134
8888
11127
10465
843
8315
7071
5559
6612
1869
4599
8854
9894
7053
4321
6862
8039
3001
6569
4736
8904
7583
5008
10273
4375
9500
8648
129
11612
905
2029
7177
3051
8003
2707
7545
2770
11350
9952
1893
6761
8304
2701
9782
3995
9042
2330
4768
1852
11025
10661
6946
9564
4596
1930
7134
10763
4513
9051
6752
1082
2812
11509
11706
10900
5285
4650
9137
943
11167
3840
2940
5400
3276
8140
3257
7490
1914
651
8918
6188
233
4555
9891
5821
5585
9143
1286
4751
8519
8783
1312
11145
667
7753
6819
9058
627
3277
1668
8615
11296
7864
3133
36
6731
2163
1921
4562
11712
5099
2108
45
8520
8894
10392
11050
7323
8885
7566
4740
665
9645
10948
4670
5133
5966
4740
782
6175
3610
11903
11508
9355
4528
10101
6787
2963
2369
11647
5185
1001
8606
9068
5947
9907
5508
10079
3924
7243
3449
8164
1758
7705
10653
5875
11529
9341
11527
11159
11251
8832
11096
6637
2228
4936
5816
7743
5164
5875
9185
9979
8293
3514
10081
6282
11484
10559
4646
592
337
819
10788
1205
1752
2755
4014
11337
9256
5032
4338
8562
10599
7778
4340
11403
5687
10493
2294
6301
5873
7238
3345
11594
3942
9784
263
2817
1850
3795
7204
11779
8321
5955
3112
4320
10885
11060
10115
6552
10728
1691
10189
2554
7970
6975
6839
4163
11517
5225
11226
11438
1605
11959
6378
4743
2490
11783
10581
4147
7397
104
5957
6892
9963
6370
4505
1218
11821
2749
7491
6666
10819
687
7107
11183
4555
10687
5705
4014
5487
11970
7665
8306
4827
4332
80
10703
6752
2556
8999
2975
10169
149
1791
8794
6322
5987
11526
11268
3027
4605
9820
3699
8079
8404
2711
9261
9637
9981
5404
6881
3928
9081
2570
8627
4576
1314
5000
2224
11176
2864
2881
9057
9445
6783
10932
1150
5352
2318
806
6060
5064
10819
1892
6495
5397
4381
6576
7695
11631
8250
477
8220
7143
1324
3908
4763
10256
775
5916
4981
4007
6811
846
10029
6289
4062
3173
632
811
10851
11672
8996
9873
4755
10597
11673
1667
8451
5575
3806
130
1714
11282
4717
3831
9759
4756
10792
2422
4765
321
10023
8460
2489
1617
7227
3085
11254
11112
115
2191
8437
3731
5848
5075
7713
10897
1569
10464
6874
2245
6656
2949
10943
2711
10987
2499
4625
10411
10578
6586
9774
1898
9218
6880
7611
9884
6518
6086
7850
2375
10878
7624
11677
5494
2343
1265
10691
2817
5200
9699
1475
8142
5367
6164
7356
9934
7271
5887
9230
8494
4853
1995
11994
11005
9708
11918
149
7151
116
6953
5581
6853
11801
3806
2307
1969
735
2297
5141
7418
6196
2301
1781
4187
452
9156
10744
3117
10141
378
2837
2053
1285
1437
3582
150
3354
8694
7970
9602
11413
3299
3425
6925
9567
4917
11591
5273
3376
2586
4739
5778
9760
7876
8160
35
2138
10657
9775
7164
2189
8426
6552
9675
7554
2025
7920
10481
11191
7967
9472
8946
10798
10235
5619
10698
5858
10534
3696
8235
7292
11395
10141
977
4616
9377
9949
418
7685
9790
5508
8439
8739
11962
4205
8582
3427
10995
9879
11252
10866
6302
5222
280
2485
2906
6672
8227
3560
2550
2090
1001
1758
8129
744
11074
11956
10773
10604
10511
5716
10113
9907
8499
9535
10822
10247
746
11831
2495
9077
2318
11100
9240
8595
943
6338
6044
3376
2754
3954
5098
2923
2642
4873
8630
1455
5084
5386
1715
7825
8277
7538
2660
11346
8825
9448
160
8624
9989
4927
9386
4143
11608
9128
9461
3403
367
6688
6501
9821
8934
6923
3459
11416
11758
7131
2470
8444
9970
1885
9211
699
3832
9467
11991
3126
10555
4171
10868
2675
10088
5188
2022
3982
11605
11156
3958
541
8938
165
796
3398
6067
2145
9987
9244
8079
1997
1240
1910
4608
11745
8280
11837
5796
6153
1223
2990
5208
8918
8991
8013
11882
9467
10056
6030
6830
7801
2203
1617
1847
10523
9663
5822
2326
11298
1025
8928
5081
7485
5849
9844
8781
3524
3633
4505
2647
6905
8085
3626
4422
6128
2149
412
9380
75
7223
1519
4319
548
1312
1594
9950
10455
11583
11136
5994
1252
825
3218
9582
6722
811
6785
7150
3995
6337
6768
7082
7010
7953
10184
677
4157
4954
10695
862
6857
3141
7741
11108
7197
216
6421
9620
2424
11338
724
11685
4277
460
1482
8349
11535
11542
7592
8243
9095
1480
10621
7364
10066
7897
8786
3033
2983
7423
6620
987
4262
6098
7305
10706
10309
4830
5674
7603
6492
3545
9328
1582
1234
11750
9090
5710
9015
8651
8193
10426
5875
2842
6129
5685
5297
11722
10040
3854
10905
6403
5768
7900
3418
846
10404
2584
4659
215
8191
8876
3129
11209
2048
9666
11781
4171
9804
4151
7098
7233
1355
6891
9446
2563
6563
11521
7883
9
11551
8542
4235
3985
11427
9330
3209
1399
71
8651
11687
9756
8710
11499
11056
7254
6369
8941
7566
784
11162
11927
11135
1165
7449
5633
6933
7809
4537
1979
6285
9168
11430
8266
10010
8925
11480
3706
4348
10819
446
10733
937
1318
5503
4470
52
7076
7160
5675
8432
9143
8864
5662
3466
8396
197
4431
420
8442
3142
5166
8563
9465
808
3693
11679
5056
